[[2, 0, 0.01, 0.25792500376701355, 0.7636798024177551, 0.5051800012588501],
 [2, 0, 0.1, 0.33477678894996643, 0.7657434344291687, 0.5091174840927124],
 [2, 0, 1, 0.7425971031188965, 2.49637508392334, 1.5850638151168823],
 [2, 1, 0.01, 0.0005109591875225306, 2.417997360229492, 0.910211443901062],
 [2, 1, 0.1, 0.0012652634177356958, 2.109513282775879, 0.7706151604652405],
 [2, 1, 1, 0.06212767958641052, 8.951481819152832, 1.5535603761672974],
 [2, 2, 0.01, 0.0002620956802275032, 2.829159736633301, 0.9559311270713806],
 [2, 2, 0.1, 0.0017078624805435538, 2.452364444732666, 0.9934101700782776],
 [2, 2, 1, 0.011079918593168259, 10.204109191894531, 1.5266598463058472],
 [2, 3, 0.01, 0.00016177627549041063, 2.2315354347229004, 0.7897632718086243],
 [2, 3, 0.1, 0.00018666651158127934, 2.32209849357605, 0.9240103363990784],
 [2, 3, 1, 0.001863662851974368, 15.2755126953125, 1.9383833408355713],
 [2, 4, 0.01, 0.00046456101699732244, 2.0841012001037598, 0.6094518899917603],
 [2, 4, 0.1, 0.00014131552597973496, 2.673586368560791, 0.8140445351600647],
 [2, 4, 1, 0.04705259948968887, 20.080411911010742, 2.9634499549865723],
 [2, 5, 0.01, 0.00040822968003340065, 1.6875991821289062, 0.46747949719429016],
 [2, 5, 0.1, 0.00024114509869832546, 2.1771554946899414, 0.7921766638755798],
 [2, 5, 1, 0.029322976246476173, 15.221456527709961, 1.8534032106399536],
 [2, 6, 0.01, 0.0002681357436813414, 1.8544037342071533, 0.5299786925315857],
 [2, 6, 0.1, 0.00020362662326078862, 1.693598985671997, 0.5112017393112183],
 [2, 6, 1, 0.04254671186208725, 11.824424743652344, 1.5610121488571167],
 [2, 7, 0.01, 0.00013560170191340148, 1.7230877876281738, 0.6629988551139832],
 [2, 7, 0.1, 0.0002658411976881325, 1.4392716884613037, 0.5010132789611816],
 [2, 7, 1, 0.09202791005373001, 20.275569915771484, 1.7417904138565063],
 [2, 8, 0.01, 9.466046321904287e-05, 1.736622929573059, 0.5419060587882996],
 [2, 8, 0.1, 0.000904335523955524, 1.649419903755188, 0.5974662899971008],
 [2, 8, 1, 0.019746428355574608, 15.752469062805176, 1.265492558479309],
 [2, 9, 0.01, 6.630059942835942e-05, 1.5821651220321655, 0.5688757300376892],
 [2, 9, 0.1, 0.0010797984432429075, 1.3096178770065308, 0.333700567483902],
 [2, 9, 1, 0.01171407662332058, 6.886635780334473, 1.7827575206756592],
 [2, 10, 0.01, 0.0002433818590361625, 1.3072082996368408, 0.3141899108886719],
 [2, 10, 0.1, 0.0002534332743380219, 1.7747584581375122, 0.44058045744895935],
 [2, 10, 1, 0.01923447661101818, 8.020914077758789, 1.4833288192749023],
 [2, 11, 0.01, 4.967391760146711e-06, 1.3229589462280273, 0.3174779713153839],
 [2, 11, 0.1, 7.316180563066155e-05, 1.1461185216903687, 0.31225258111953735],
 [2, 11, 1, 0.026718473061919212, 8.083745002746582, 1.734114408493042],
 [2, 12, 0.01, 0.00018776807701215148, 1.27488374710083, 0.3450663983821869],
 [2, 12, 0.1, 0.0004454576410353184, 1.6241904497146606, 0.3213507831096649],
 [2, 12, 1, 0.009038083255290985, 13.607653617858887, 1.2628000974655151],
 [2, 13, 0.01, 0.00012844167940784246, 1.4901981353759766, 0.40343067049980164],
 [2, 13, 0.1, 0.0002280406915815547, 1.4882612228393555, 0.33270689845085144],
 [2, 13, 1, 0.010867226868867874, 14.93681526184082, 1.4052748680114746],
 [2, 14, 0.01, 0.00031550973653793335, 1.527592420578003, 0.3259938061237335],
 [2, 14, 0.1, 0.00015546024951618165, 1.530407428741455, 0.41035526990890503],
 [2, 14, 1, 0.002582228509709239, 12.572501182556152, 1.9196912050247192],
 [2, 15, 0.01, 0.0003498850855976343, 1.6323283910751343, 0.32115960121154785],
 [2, 15, 0.1, 0.00035627084434963763, 1.4469411373138428, 0.36531946063041687],
 [2, 15, 1, 0.007569972425699234, 13.709940910339355, 1.5485174655914307],
 [2, 16, 0.01, 0.00020428310381248593, 1.4077543020248413, 0.3367],
 [2, 16, 0.1, 0.00043778299004770815, 1.5348854064941406, 0.414458692073822],
 [2, 16, 1, 0.0488693006336689, 21.21294403076172, 2.5102932453155518],
 [2, 17, 0.01, 0.000254551850957796, 1.5305308103561401, 0.4534],
 [2, 17, 0.1, 0.00021469836065080017, 1.924352765083313, 0.4398341178894043],
 [2, 17, 1, 0.014879007823765278, 19.199064254760742, 1.4775751829147339],
 [2, 18, 0.01, 0.00041919408249668777, 1.619112253189087, 0.4684033691883087],
 [2, 18, 0.1, 0.00018524825281929225, 1.5596498250961304, 0.43459659814834595],
 [2, 18, 1, 0.0019157598726451397, 10.717166900634766, 1.4736573696136475],
 [2, 19, 0.01, 0.00020075826614629477, 1.8558273315429688, 0.6233012676239014],
 [2, 19, 0.1, 0.0010145771084353328, 1.7654142379760742, 0.6874959468841553],
 [2, 19, 1, 0.041206736117601395, 7.883070468902588, 1.4906927347183228],
 [2, 20, 0.01, 0.00017895472410600632, 1.4408119916915894, 0.5289400815963745],
 [2, 20, 0.1, 1.7315816876362078e-05, 1.6469838619232178, 0.6868066191673279],
 [2, 20, 1, 0.06453593820333481, 20.821949005126953, 2.0058],
 [5, 0, 0.01, 0.3938078284263611, 0.6331223845481873, 0.4844590127468109],
 [5, 0, 0.1, 0.4175359308719635, 0.6678957939147949, 0.5147755146026611],
 [5, 0, 1, 1.147326946258545, 1.8228949308395386, 1.521433711051941],
 [5, 1, 0.01, 0.2124982327222824, 1.2338440418243408, 0.5729553699493408],
 [5, 1, 0.1, 0.23467344045639038, 1.228480577468872, 0.5769867897033691],
 [5, 1, 1, 0.8749386072158813, 3.2653281688690186, 1.5314031839370728],
 [5, 2, 0.01, 0.029269900172948837, 0.8519132733345032, 0.2062472403049469],
 [5, 2, 0.1, 0.04070150852203369, 0.7370592355728149, 0.21518062055110931],
 [5, 2, 1, 0.5015239715576172, 2.567009925842285, 1.1827418804168701],
 [5, 3, 0.01, 0.014271018095314503, 0.4849417209625244, 0.09001383185386658],
 [5, 3, 0.1, 0.025702664628624916, 0.27833643555641174, 0.06925108283758163],
 [5, 3, 1, 0.38938942551612854, 3.6888132095336914, 1.1252186298370361],
 [5, 4, 0.01, 0.013640514574944973, 0.2888704538345337, 0.09430376440286636],
 [5, 4, 0.1, 0.017418496310710907, 0.6818956732749939, 0.1307462751865387],
 [5, 4, 1, 0.49384990334510803, 3.673689603805542, 1.0796793699264526],
 [5, 5, 0.01, 0.01793675869703293, 0.5224947333335876, 0.12385929375886917],
 [5, 5, 0.1, 0.022791333496570587, 0.6107810735702515, 0.11763350665569305],
 [5, 5, 1, 0.396567165851593, 4.269959926605225, 1.0908949375152588],
 [5, 6, 0.01, 0.012440507300198078, 0.6827203631401062, 0.14599014818668365],
 [5, 6, 0.1, 0.016195569187402725, 0.6496865749359131, 0.20897333323955536],
 [5, 6, 1, 0.39547479152679443, 4.948838710784912, 1.1073882579803467],
 [5, 7, 0.01, 0.012032776139676571, 0.898512065410614, 0.1866275668144226],
 [5, 7, 0.1, 0.014638683758676052, 1.0712703466415405, 0.21988838911056519],
 [5, 7, 1, 0.32914265990257263, 5.740437030792236, 1.2094635963439941],
 [5, 8, 0.01, 0.011208517476916313, 0.8145807385444641, 0.32535621523857117],
 [5, 8, 0.1, 0.015373182483017445, 0.811819314956665, 0.21993125975131989],
 [5, 8, 1, 0.3869086802005768, 5.457632541656494, 1.2651517391204834],
 [5, 9, 0.01, 0.009780383668839931, 1.40250563621521, 0.3818906247615814],
 [5, 9, 0.1, 0.011009080335497856, 1.2007948160171509, 0.355397492647171],
 [5, 9, 1, 0.42698755860328674, 6.973682880401611, 1.5057975053787231],
 [5, 10, 0.01, 0.008251756429672241, 1.4981884956359863, 0.4522055983543396],
 [5, 10, 0.1, 0.01242119912058115, 1.370151162147522, 0.4466908872127533],
 [5, 10, 1, 0.37727200984954834, 5.837701320648193, 1.0419477224349976],
 [5, 11, 0.01, 0.01019158586859703, 1.4514747858047485, 0.5704911947250366],
 [5, 11, 0.1, 0.012165904976427555, 1.1067811250686646, 0.39148128032684326],
 [5, 11, 1, 0.4080696403980255, 7.780539035797119, 1.3307057619094849],
 [5, 12, 0.01, 0.00709831016138196, 1.8680670261383057, 0.8789546489715576],
 [5, 12, 0.1, 0.008824612945318222, 1.358441948890686, 0.36967435479164124],
 [5, 12, 1, 0.3659055829048157, 11.014876365661621, 1.2312012910842896],
 [5, 13, 0.01, 0.0077751572243869305, 0.9572321176528931, 0.31159278750419617],
 [5, 13, 0.1, 0.01058995258063078, 1.8878254890441895, 0.5412003397941589],
 [5, 13, 1, 0.36546075344085693, 9.244214057922363, 1.2617294788360596],
 [5, 14, 0.01, 0.00711234612390399, 1.4517210721969604, 0.35703128576278687],
 [5, 14, 0.1, 0.010185444727540016, 1.7164067029953003, 0.4470643997192383],
 [5, 14, 1, 0.2915385067462921, 6.812484264373779, 2.145329236984253],
 [5, 15, 0.01, 0.0074895876459777355, 1.8154349327087402, 0.5367212891578674],
 [5, 15, 0.1, 0.010596772655844688, 2.4298274517059326, 0.8546213507652283],
 [5, 15, 1, 0.30122050642967224, 6.6066508293151855, 1.3088643550872803],
 [5, 16, 0.01, 0.007793025579303503, 1.6553983688354492, 0.5040166974067688],
 [5, 16, 0.1, 0.008660105988383293, 1.6772133111953735, 0.5169671773910522],
 [5, 16, 1, 0.41276028752326965, 14.297767639160156, 2.2935681343078613],
 [5, 17, 0.01, 0.008803348056972027, 2.0497519969940186, 0.7791414260864258],
 [5, 17, 0.1, 0.01065776590257883, 1.9405430555343628, 0.5564118027687073],
 [5, 17, 1, 0.33283230662345886, 10.400530815124512, 1.4589887857437134],
 [5, 18, 0.01, 0.006979226600378752, 2.5502548217773438, 0.9784862995147705],
 [5, 18, 0.1, 0.009999597445130348, 2.013150930404663, 0.5775949954986572],
 [5, 18, 1, 0.43189018964767456, 12.519213676452637, 1.709219217300415],
 [5, 19, 0.01, 0.006554597057402134, 1.7701072692871094, 0.6732608079910278],
 [5, 19, 0.1, 0.011441972106695175, 2.215191602706909, 0.6378272175788879],
 [5, 19, 1, 0.28088176250457764, 12.683476448059082, 2.4209859371185303],
 [5, 20, 0.01, 0.0063810511492192745, 2.9638679027557373, 1.0837],
 [5, 20, 0.1, 0.01093048695474863, 2.2527410984039307, 0.6943644881248474],
 [5, 20, 1, 0.3537062406539917, 10.279645919799805, 1.7559312582015991],
 [10, 0, 0.01, 0.4385792016983032, 0.5386006832122803, 0.514893651008606],
 [10, 0, 0.1, 0.45025715231895447, 0.5629374980926514, 0.5107287168502808],
 [10, 0, 1, 1.3746840953826904, 1.6729233264923096, 1.5421243906021118],
 [10, 1, 0.01, 0.3881302773952484, 0.6402656435966492, 0.4994203746318817],
 [10, 1, 0.1, 0.42350032925605774, 0.751151442527771, 0.5383270382881165],
 [10, 1, 1, 1.2906419038772583, 2.1808042526245117, 1.5015712976455688],
 [10, 2, 0.01, 0.03795565664768219, 0.15848270058631897, 0.05565124377608299],
 [10, 2, 0.1, 0.046503983438014984, 0.15055063366889954, 0.06956007331609726],
 [10, 2, 1, 0.7241485118865967, 1.632380723953247, 1.0640164613723755],
 [10, 3, 0.01, 0.029127666726708412, 0.10962773114442825, 0.0549936480820179],
 [10, 3, 0.1, 0.04241374135017395, 0.1251506209373474, 0.055660732090473175],
 [10, 3, 1, 0.7427850365638733, 1.664371371269226, 1.0547598600387573],
 [10, 4, 0.01, 0.030816571786999702, 0.15271960198879242, 0.07240976393222809],
 [10, 4, 0.1, 0.03836333751678467, 0.21323810517787933, 0.08637543022632599],
 [10, 4, 1, 0.7097864747047424, 2.0616893768310547, 1.0984342098236084],
 [10, 5, 0.01, 0.033567141741514206, 0.2353975623846054, 0.08975548297166824],
 [10, 5, 0.1, 0.036585599184036255, 0.27463099360466003, 0.08842401206493378],
 [10, 5, 1, 0.5892373919487, 1.953038215637207, 1.060664176940918],
 [10, 6, 0.01, 0.025050248950719833, 0.3688012957572937, 0.1838032454252243],
 [10, 6, 0.1, 0.031222591176629066, 0.3849908411502838, 0.18677031993865967],
 [10, 6, 1, 0.6730583906173706, 2.0523054599761963, 1.2597614526748657],
 [10, 7, 0.01, 0.021905841305851936, 0.3378227651119232, 0.1111411303281784],
 [10, 7, 0.1, 0.02632509544491768, 0.41810959577560425, 0.1360427588224411],
 [10, 7, 1, 0.6886286735534668, 2.47043514251709, 1.0739070177078247],
 [10, 8, 0.01, 0.01789083331823349, 0.40952354669570923, 0.1772957295179367],
 [10, 8, 0.1, 0.023129668086767197, 0.31897416710853577, 0.08663725107908249],
 [10, 8, 1, 0.6940482258796692, 2.3855960369110107, 1.1613969802856445],
 [10, 9, 0.01, 0.014920242130756378, 0.3632768988609314, 0.09766775369644165],
 [10, 9, 0.1, 0.02119075134396553, 0.622536838054657, 0.2040216326713562],
 [10, 9, 1, 0.6085054874420166, 1.7544294595718384, 1.0759576559066772],
 [10, 10, 0.01, 0.011150270700454712, 0.4414688050746918, 0.09626010805368423],
 [10, 10, 0.1, 0.018697578459978104, 0.49660804867744446, 0.10553474724292755],
 [10, 10, 1, 0.543756365776062, 3.920490026473999, 1.38344144821167],
 [10, 11, 0.01, 0.012770754285156727, 0.46179893612861633, 0.08806540071964264],
 [10, 11, 0.1, 0.019134817644953728, 0.1208164319396019, 0.03872434049844742],
 [10, 11, 1, 0.6756412982940674, 1.9975917339324951, 1.1273193359375],
 [10, 12, 0.01, 0.010652513243258, 0.355272114276886, 0.07097922265529633],
 [10, 12, 0.1, 0.018361011520028114, 0.40687599778175354, 0.0701226145029068],
 [10, 12, 1, 0.6397140026092529, 3.3640847206115723, 1.0570882558822632],
 [10, 13, 0.01, 0.010684734210371971, 0.3313503563404083, 0.04013853520154953],
 [10, 13, 0.1, 0.01848875917494297, 0.19890443980693817, 0.04753648489713669],
 [10, 13, 1, 0.5345516204833984, 3.024181842803955, 1.0441559553146362],
 [10, 14, 0.01, 0.01170035358518362, 0.35311251878738403, 0.05999036505818367],
 [10, 14, 0.1, 0.01810450293123722, 0.6467783451080322, 0.11809271574020386],
 [10, 14, 1, 0.6611380577087402, 3.565253496170044, 1.3737918138504028],
 [10,
  15,
  0.01,
  0.011349874548614025,
  0.47693344950675964,
  0.053632013499736786],
 [10, 15, 0.1, 0.01757919415831566, 0.44539520144462585, 0.07113538682460785],
 [10, 15, 1, 0.591881275177002, 3.034092903137207, 1.0122029781341553],
 [10,
  16,
  0.01,
  0.011823049746453762,
  0.28973209857940674,
  0.028292950242757797],
 [10, 16, 0.1, 0.0166929941624403, 1.0543075799942017, 0.2266668677330017],
 [10, 16, 1, 0.6518537402153015, 4.485567569732666, 1.212506890296936],
 [10, 17, 0.01, 0.013271603733301163, 0.4158256947994232, 0.04707101359963417],
 [10, 17, 0.1, 0.018913190811872482, 1.157240629196167, 0.2416449785232544],
 [10, 17, 1, 0.5644599795341492, 3.971264123916626, 1.1679368019104004],
 [10, 18, 0.01, 0.013696333393454552, 0.6992727518081665, 0.11523941159248352],
 [10, 18, 0.1, 0.017631959170103073, 0.6677857041358948, 0.10937085002660751],
 [10, 18, 1, 0.5940029621124268, 5.705124378204346, 1.5030897855758667],
 [10, 19, 0.01, 0.012721037492156029, 0.7676653265953064, 0.10666664689779282],
 [10, 19, 0.1, 0.018884221091866493, 0.8478704690933228, 0.11052967607975006],
 [10, 19, 1, 0.6158324480056763, 4.423209190368652, 1.1934423446655273],
 [10, 20, 0.01, 0.010596996173262596, 0.6065627336502075, 0.059667862951755524],
 [10, 20, 0.1, 0.01738320104777813, 0.920259416103363, 0.07685536891222],
 [10, 20, 1, 0.5845897793769836, 3.3455464839935303, 1.070231556892395],
 [20, 0, 0.01, 0.4789014160633087, 0.5374761819839478, 0.5013077855110168],
 [20, 0, 0.1, 0.4792711138725281, 0.5488411784172058, 0.5029205083847046],
 [20, 0, 1, 1.4072765111923218, 1.5658237934112549, 1.4395530223846436],
 [20, 1, 0.01, 0.4327467679977417, 0.5720844864845276, 0.5100029110908508],
 [20, 1, 0.1, 0.4515226483345032, 0.5928837656974792, 0.516203761100769],
 [20, 1, 1, 1.427007794380188, 1.7267630100250244, 1.4117425680160522],
 [20, 2, 0.01, 0.03742915391921997, 0.055897731333971024, 0.04287063702940941],
 [20, 2, 0.1, 0.045472607016563416, 0.06369290500879288, 0.05405265837907791],
 [20, 2, 1, 0.9501535892486572, 1.2492483854293823, 1.0778837203979492],
 [20, 3, 0.01, 0.036739543080329895, 0.06194203719496727, 0.0505388118326664],
 [20, 3, 0.1, 0.04800891503691673, 0.07627175748348236, 0.05872925743460655],
 [20, 3, 1, 0.8892001509666443, 1.2035363912582397, 1.082897663116455],
 [20, 4, 0.01, 0.0447491891682148, 0.09518525749444962, 0.05971790477633476],
 [20, 4, 0.1, 0.055521346628665924, 0.0889454260468483, 0.07013177126646042],
 [20, 4, 1, 0.8268795013427734, 1.2815932035446167, 1.0211139917373657],
 [20, 5, 0.01, 0.04292583093047142, 0.0954633355140686, 0.0635812059044838],
 [20, 5, 0.1, 0.05278217792510986, 0.1025507003068924, 0.07241445779800415],
 [20, 5, 1, 0.8591268062591553, 1.3941596746444702, 1.1329554319381714],
 [20, 6, 0.01, 0.03421131521463394, 0.11283577233552933, 0.05893147736787796],
 [20, 6, 0.1, 0.0429433211684227, 0.09449927508831024, 0.05897793546319008],
 [20, 6, 1, 0.8433959484100342, 1.3786507844924927, 1.0881354808807373],
 [20, 7, 0.01, 0.023406479507684708, 0.08464176207780838, 0.04268370941281319],
 [20, 7, 0.1, 0.032386720180511475, 0.11680670082569122, 0.05351875722408295],
 [20, 7, 1, 0.7928986549377441, 1.2820003032684326, 1.0291777849197388],
 [20, 8, 0.01, 0.01767810620367527, 0.06253325194120407, 0.027760546654462814],
 [20, 8, 0.1, 0.027662336826324463, 0.1091746985912323, 0.04694217070937157],
 [20, 8, 1, 0.7951801419258118, 1.640020489692688, 1.0998001098632812],
 [20, 9, 0.01, 0.012672982178628445, 0.055693019181489944, 0.02014155499637127],
 [20, 9, 0.1, 0.020991478115320206, 0.12051400542259216, 0.035077136009931564],
 [20, 9, 1, 0.816710352897644, 1.4614619016647339, 1.0021337270736694],
 [20,
  10,
  0.01,
  0.011127227917313576,
  0.03817172348499298,
  0.014993203803896904],
 [20, 10, 0.1, 0.019345179200172424, 0.2005864530801773, 0.03817571699619293],
 [20, 10, 1, 0.8204283118247986, 1.3727673292160034, 1.0305033922195435],
 [20,
  11,
  0.01,
  0.010956439189612865,
  0.11034426093101501,
  0.019520994275808334],
 [20, 11, 0.1, 0.019365696236491203, 0.06323587149381638, 0.02749643288552761],
 [20, 11, 1, 0.8163282871246338, 1.4262864589691162, 0.9896895885467529],
 [20, 12, 0.01, 0.011715156957507133, 0.10151462256908417, 0.01809091866016388],
 [20, 12, 0.1, 0.017846500501036644, 0.03631358966231346, 0.022423196583986282],
 [20, 12, 1, 0.7407864928245544, 1.437840223312378, 0.9693073034286499],
 [20,
  13,
  0.01,
  0.011735130101442337,
  0.04432529956102371,
  0.015511215664446354],
 [20, 13, 0.1, 0.02059103548526764, 0.08276931941509247, 0.025760022923350334],
 [20, 13, 1, 0.8853470683097839, 1.4440207481384277, 0.9361645579338074],
 [20, 14, 0.01, 0.0123255904763937, 0.14714695513248444, 0.020645396783947945],
 [20, 14, 0.1, 0.021427705883979797, 0.17103590071201324, 0.03294496238231659],
 [20, 14, 1, 0.803475558757782, 2.0571765899658203, 1.0569194555282593],
 [20,
  15,
  0.01,
  0.012343249283730984,
  0.18837708234786987,
  0.021318191662430763],
 [20, 15, 0.1, 0.020463159307837486, 0.0799126848578453, 0.030010806396603584],
 [20, 15, 1, 0.8265905976295471, 1.3327733278274536, 1.0026596784591675],
 [20, 16, 0.01, 0.01325947791337967, 0.23687486350536346, 0.021737907081842422],
 [20, 16, 0.1, 0.023186087608337402, 0.049282506108284, 0.02946428395807743],
 [20, 16, 1, 0.7980040907859802, 1.64458429813385, 1.026962399482727],
 [20,
  17,
  0.01,
  0.013532050885260105,
  0.045229822397232056,
  0.026456527411937714],
 [20, 17, 0.1, 0.019434090703725815, 0.08252701163291931, 0.05709550902247429],
 [20, 17, 1, 0.8326994180679321, 1.5376882553100586, 1.0420149564743042],
 [20,
  18,
  0.01,
  0.014836166985332966,
  0.05743499845266342,
  0.025570277124643326],
 [20, 18, 0.1, 0.023358609527349472, 0.09245878458023071, 0.03136216104030609],
 [20, 18, 1, 0.7973175048828125, 1.5107874870300293, 1.009397029876709],
 [20,
  19,
  0.01,
  0.013579143211245537,
  0.05433429405093193,
  0.031912967562675476],
 [20, 19, 0.1, 0.02247241511940956, 0.057915449142456055, 0.03533107787370682],
 [20, 19, 1, 0.8417390584945679, 1.598828911781311, 0.9948944449424744],
 [20, 20, 0.01, 0.013974585570394993, 0.43029117584228516, 0.02771519124507904],
 [20, 20, 0.1, 0.02273937314748764, 0.16975067555904388, 0.03565055504441261],
 [20, 20, 1, 0.7920657992362976, 2.151247024536133, 1.0951050519943237],
 [50, 0, 0.01, 0.5000916123390198, 0.5090075731277466, 0.5111268758773804],
 [50, 0, 0.1, 0.4901098608970642, 0.5233864784240723, 0.5106699466705322],
 [50, 0, 1, 1.4297995567321777, 1.5291191339492798, 1.4391154050827026],
 [50, 1, 0.01, 0.48227229714393616, 0.5223262906074524, 0.4993346631526947],
 [50, 1, 0.1, 0.4881206154823303, 0.5344038009643555, 0.5121322274208069],
 [50, 1, 1, 1.4933291673660278, 1.5535597801208496, 1.4461802244186401],
 [50, 2, 0.01, 0.03948859125375748, 0.045294128358364105, 0.041570693254470825],
 [50, 2, 0.1, 0.04826386272907257, 0.05382324755191803, 0.050675466656684875],
 [50, 2, 1, 0.9964212775230408, 1.1104053258895874, 1.0732126235961914],
 [50, 3, 0.01, 0.04316277429461479, 0.05250762030482292, 0.048453785479068756],
 [50, 3, 0.1, 0.05390143394470215, 0.06225812807679176, 0.055783599615097046],
 [50, 3, 1, 0.9799491167068481, 1.1260164976119995, 1.0873171091079712],
 [50, 4, 0.01, 0.0508044958114624, 0.06518647819757462, 0.05836104229092598],
 [50, 4, 0.1, 0.06096811220049858, 0.07589641213417053, 0.06690968573093414],
 [50, 4, 1, 0.9769963026046753, 1.137499213218689, 1.089146614074707],
 [50, 5, 0.01, 0.04795345664024353, 0.05803881213068962, 0.05198398232460022],
 [50, 5, 0.1, 0.05679529532790184, 0.07290059328079224, 0.06433127820491791],
 [50, 5, 1, 1.004687786102295, 1.1446796655654907, 0.9994056224822998],
 [50, 6, 0.01, 0.034783851355314255, 0.04440578818321228, 0.03724321722984314],
 [50, 6, 0.1, 0.043582700192928314, 0.061434388160705566, 0.050668198615312576],
 [50, 6, 1, 0.9289100766181946, 1.124576449394226, 0.996059000492096],
 [50,
  7,
  0.01,
  0.023205162957310677,
  0.030387621372938156,
  0.026512328535318375],
 [50, 7, 0.1, 0.03181290999054909, 0.04368535056710243, 0.03396271914243698],
 [50, 7, 1, 0.9482324123382568, 1.1019673347473145, 0.9893825650215149],
 [50, 8, 0.01, 0.015249526128172874, 0.01923120766878128, 0.016509197652339935],
 [50, 8, 0.1, 0.02554350532591343, 0.03299127146601677, 0.028134020045399666],
 [50, 8, 1, 0.9458714127540588, 1.1118919849395752, 1.0331199169158936],
 [50,
  9,
  0.01,
  0.011887500062584877,
  0.013680385425686836,
  0.012424211017787457],
 [50, 9, 0.1, 0.021724067628383636, 0.02492511086165905, 0.02190454676747322],
 [50, 9, 1, 0.9625301361083984, 1.1141917705535889, 1.0232973098754883],
 [50,
  10,
  0.01,
  0.010360850021243095,
  0.01252789981663227,
  0.011027577333152294],
 [50, 10, 0.1, 0.02072105184197426, 0.023190682753920555, 0.019728457555174828],
 [50, 10, 1, 0.8954557180404663, 1.0991621017456055, 1.048422932624817],
 [50,
  11,
  0.01,
  0.011013943701982498,
  0.01428226474672556,
  0.012377513572573662],
 [50,
  11,
  0.1,
  0.020470183342695236,
  0.024527641013264656,
  0.020571434870362282],
 [50, 11, 1, 0.9130507707595825, 1.1093841791152954, 1.0190403461456299],
 [50,
  12,
  0.01,
  0.012413577176630497,
  0.015501368790864944,
  0.013401567004621029],
 [50, 12, 0.1, 0.02145436219871044, 0.02656911313533783, 0.023955345153808594],
 [50, 12, 1, 0.9467391967773438, 1.10450279712677, 0.9577302932739258],
 [50, 13, 0.01, 0.01389892678707838, 0.018304185941815376, 0.01497663278132677],
 [50, 13, 0.1, 0.022901643067598343, 0.029265625402331352, 0.02572912909090519],
 [50, 13, 1, 0.9041593670845032, 1.138944149017334, 1.0052978992462158],
 [50,
  14,
  0.01,
  0.014059968292713165,
  0.023124542087316513,
  0.01782010681927204],
 [50,
  14,
  0.1,
  0.022796545177698135,
  0.032676853239536285,
  0.029292497783899307],
 [50, 14, 1, 0.9663066267967224, 1.1603986024856567, 0.9657347798347473],
 [50, 15, 0.01, 0.01606391742825508, 0.022577963769435883, 0.01829434745013714],
 [50, 15, 0.1, 0.02392297424376011, 0.035704292356967926, 0.0283911544829607],
 [50, 15, 1, 0.9706420302391052, 1.1271430253982544, 1.009816288948059],
 [50, 16, 0.01, 0.016143914312124252, 0.02564646676182747, 0.02055336721241474],
 [50, 16, 0.1, 0.025587357580661774, 0.03607865050435066, 0.02820412628352642],
 [50, 16, 1, 0.939228892326355, 1.1438161134719849, 1.0311321020126343],
 [50,
  17,
  0.01,
  0.016674000769853592,
  0.028124738484621048,
  0.020152198150753975],
 [50, 17, 0.1, 0.025707369670271873, 0.038869455456733704, 0.03342188149690628],
 [50, 17, 1, 0.8969064354896545, 1.0951510667800903, 1.0028574466705322],
 [50,
  18,
  0.01,
  0.016181841492652893,
  0.02950087934732437,
  0.022271553054451942],
 [50, 18, 0.1, 0.02452322468161583, 0.0394982174038887, 0.03409029543399811],
 [50, 18, 1, 0.9505059123039246, 1.1493228673934937, 1.0170289278030396],
 [50,
  19,
  0.01,
  0.016390450298786163,
  0.028247613459825516,
  0.02103276550769806],
 [50, 19, 0.1, 0.025496400892734528, 0.04576029255986214, 0.030670173466205597],
 [50, 19, 1, 0.9272578358650208, 1.1830289363861084, 1.0209513902664185],
 [50,
  20,
  0.01,
  0.01606198027729988,
  0.030034467577934265,
  0.019769815728068352],
 [50, 20, 0.1, 0.024369170889258385, 0.0348040796816349, 0.029516499489545822],
 [50, 20, 1, 0.9802897572517395, 1.1252001523971558, 1.071907639503479],
 [100, 0, 0.01, 0.49223724007606506, 0.5048152208328247, 0.49812373518943787],
 [100, 0, 0.1, 0.5051333904266357, 0.5133147835731506, 0.49581652879714966],
 [100, 0, 1, 1.5110348463058472, 1.511520504951477, 1.4661870002746582],
 [100, 1, 0.01, 0.4803314507007599, 0.5184836983680725, 0.5051391124725342],
 [100, 1, 0.1, 0.5038033723831177, 0.5244577527046204, 0.5188060998916626],
 [100, 1, 1, 1.423150658607483, 1.535062551498413, 1.4468828439712524],
 [100, 2, 0.01, 0.040238410234451294, 0.041454821825027466, 0.0400165431201458],
 [100, 2, 0.1, 0.04895191639661789, 0.05217894911766052, 0.05212870612740517],
 [100, 2, 1, 1.0242912769317627, 1.0687921047210693, 1.0569097995758057],
 [100, 3, 0.01, 0.044210415333509445, 0.04818858578801155, 0.04822763055562973],
 [100, 3, 0.1, 0.05301716923713684, 0.058336202055215836, 0.05579989776015282],
 [100, 3, 1, 0.9684082865715027, 1.0811651945114136, 0.960126519203186],
 [100, 4, 0.01, 0.05466541647911072, 0.05990154668688774, 0.05751142278313637],
 [100, 4, 0.1, 0.06332933157682419, 0.07022608071565628, 0.06821868568658829],
 [100, 4, 1, 1.0207337141036987, 1.102460503578186, 1.0943409204483032],
 [100, 5, 0.01, 0.04919808357954025, 0.054288655519485474, 0.05031955614686012],
 [100, 5, 0.1, 0.05918014049530029, 0.0641007050871849, 0.06198016181588173],
 [100, 5, 1, 1.0337313413619995, 1.091353416442871, 1.0550076961517334],
 [100, 6, 0.01, 0.03589295968413353, 0.03999542072415352, 0.03805118426680565],
 [100, 6, 0.1, 0.04389609023928642, 0.05268006771802902, 0.04486909508705139],
 [100, 6, 1, 1.0094475746154785, 1.083641767501831, 1.0017486810684204],
 [100,
  7,
  0.01,
  0.022379225119948387,
  0.02423892915248871,
  0.023249389603734016],
 [100, 7, 0.1, 0.03261713683605194, 0.03418989107012749, 0.032288651913404465],
 [100, 7, 1, 0.9878540635108948, 1.05901038646698, 0.9907486438751221],
 [100,
  8,
  0.01,
  0.014517329633235931,
  0.015952076762914658,
  0.015375789254903793],
 [100, 8, 0.1, 0.024530703201889992, 0.02651953510940075, 0.025584904477000237],
 [100, 8, 1, 0.9973577857017517, 1.0546133518218994, 0.9988287687301636],
 [100,
  9,
  0.01,
  0.011429531499743462,
  0.012176486663520336,
  0.011889573186635971],
 [100, 9, 0.1, 0.02112121321260929, 0.02224758081138134, 0.021069388836622238],
 [100, 9, 1, 0.9988825917243958, 1.0436030626296997, 1.0325384140014648],
 [100,
  10,
  0.01,
  0.010688492096960545,
  0.011612300761044025,
  0.010976319201290607],
 [100,
  10,
  0.1,
  0.02061718888580799,
  0.022051727399230003,
  0.021533258259296417],
 [100, 10, 1, 1.0195906162261963, 1.065736174583435, 1.034680724143982],
 [100,
  11,
  0.01,
  0.011376125738024712,
  0.012754073366522789,
  0.012726404704153538],
 [100,
  11,
  0.1,
  0.021245934069156647,
  0.023212771862745285,
  0.021738385781645775],
 [100, 11, 1, 0.9512966275215149, 1.0539437532424927, 1.0464004278182983],
 [100,
  12,
  0.01,
  0.013304767198860645,
  0.014434508047997952,
  0.01335127279162407],
 [100, 12, 0.1, 0.021976446732878685, 0.02541937679052353, 0.02307610586285591],
 [100, 12, 1, 0.989734411239624, 1.066646933555603, 1.0241299867630005],
 [100,
  13,
  0.01,
  0.014871430583298206,
  0.01644330471754074,
  0.015084889717400074],
 [100, 13, 0.1, 0.023743916302919388, 0.027173196896910667, 0.024721659719944],
 [100, 13, 1, 0.9685162901878357, 1.049972653388977, 1.0527973175048828],
 [100, 14, 0.01, 0.01606043614447117, 0.0185141172260046, 0.016653552651405334],
 [100, 14, 0.1, 0.02478701062500477, 0.03007788211107254, 0.027679556980729103],
 [100, 14, 1, 0.9763101935386658, 1.058029294013977, 1.103659987449646],
 [100, 15, 0.01, 0.01651577837765217, 0.0210467129945755, 0.01914055459201336],
 [100,
  15,
  0.1,
  0.026113206520676613,
  0.031304679811000824,
  0.029835045337677002],
 [100, 15, 1, 0.9761868119239807, 1.0662575960159302, 1.0249688625335693],
 [100,
  16,
  0.01,
  0.017331788316369057,
  0.020708510652184486,
  0.019228212535381317],
 [100,
  16,
  0.1,
  0.026867439970374107,
  0.033067572861909866,
  0.028853362426161766],
 [100, 16, 1, 0.9874703884124756, 1.0702213048934937, 1.0163129568099976],
 [100,
  17,
  0.01,
  0.017648231238126755,
  0.0207943394780159,
  0.019744178280234337],
 [100,
  17,
  0.1,
  0.027404896914958954,
  0.03202218562364578,
  0.029632268473505974],
 [100, 17, 1, 0.964735746383667, 1.075128436088562, 0.9984654188156128],
 [100,
  18,
  0.01,
  0.01734810508787632,
  0.020421521738171577,
  0.018392473459243774],
 [100, 18, 0.1, 0.02664140611886978, 0.0318167470395565, 0.02676609344780445],
 [100, 18, 1, 0.9386162757873535, 1.0678436756134033, 1.0039702653884888],
 [100,
  19,
  0.01,
  0.01718149334192276,
  0.019192680716514587,
  0.01876099593937397],
 [100, 19, 0.1, 0.026573089882731438, 0.029503559693694115, 0.0273357592523098],
 [100, 19, 1, 0.9770268797874451, 1.101324200630188, 1.0757349729537964],
 [100,
  20,
  0.01,
  0.01642264984548092,
  0.024566691368818283,
  0.01923064887523651],
 [100,
  20,
  0.1,
  0.02593645080924034,
  0.033612728118896484,
  0.027320213615894318],
 [100, 20, 1, 0.9993149638175964, 1.0782679319381714, 1.1152337789535522],
 [200, 0, 0.01, 0.5011356472969055, 0.5038343071937561, 0.48474687337875366],
 [200, 0, 0.1, 0.5057909488677979, 0.5128554105758667, 0.5046018362045288],
 [200, 0, 1, 1.49534010887146, 1.510319709777832, 1.4722614288330078],
 [200, 1, 0.01, 0.49049612879753113, 0.5069106817245483, 0.5092185735702515],
 [200, 1, 0.1, 0.5052130818367004, 0.5165796875953674, 0.5052955150604248],
 [200, 1, 1, 1.4929875135421753, 1.5027687549591064, 1.5400696992874146],
 [200, 2, 0.01, 0.039731938391923904, 0.04102516174316406, 0.03916706144809723],
 [200, 2, 0.1, 0.04976393282413483, 0.05077791213989258, 0.05024900287389755],
 [200, 2, 1, 1.031224012374878, 1.0499478578567505, 1.108770728111267],
 [200, 3, 0.01, 0.04582184925675392, 0.047667741775512695, 0.04431014880537987],
 [200, 3, 0.1, 0.05484312027692795, 0.05734395980834961, 0.05634525045752525],
 [200, 3, 1, 1.009093999862671, 1.0597821474075317, 1.1037077903747559],
 [200, 4, 0.01, 0.05534517392516136, 0.05851675570011139, 0.058226510882377625],
 [200, 4, 0.1, 0.06495299935340881, 0.06840720027685165, 0.06837021559476852],
 [200, 4, 1, 1.071810245513916, 1.0828114748001099, 1.1196693181991577],
 [200,
  5,
  0.01,
  0.049924612045288086,
  0.05200784653425217,
  0.048360709100961685],
 [200, 5, 0.1, 0.05902009829878807, 0.06471036374568939, 0.05997096374630928],
 [200, 5, 1, 1.052538514137268, 1.0661115646362305, 1.0510542392730713],
 [200,
  6,
  0.01,
  0.035327889025211334,
  0.03690968081355095,
  0.035210222005844116],
 [200, 6, 0.1, 0.04458127170801163, 0.046906158328056335, 0.04744839295744896],
 [200, 6, 1, 0.9842658042907715, 1.0643548965454102, 1.0612125396728516],
 [200, 7, 0.01, 0.022625431418418884, 0.02357705868780613, 0.02301275171339512],
 [200, 7, 0.1, 0.03196530416607857, 0.033728018403053284, 0.032428015023469925],
 [200, 7, 1, 1.0091922283172607, 1.045042872428894, 1.0533499717712402],
 [200,
  8,
  0.01,
  0.014705362729728222,
  0.015100350603461266,
  0.014947822317481041],
 [200,
  8,
  0.1,
  0.024780573323369026,
  0.026011889800429344,
  0.026230357587337494],
 [200, 8, 1, 0.9731510877609253, 1.0463414192199707, 0.9935805797576904],
 [200,
  9,
  0.01,
  0.011484320275485516,
  0.011888178996741772,
  0.011859586462378502],
 [200, 9, 0.1, 0.021580707281827927, 0.021862372756004333, 0.02182961069047451],
 [200, 9, 1, 0.9861781597137451, 1.0417063236236572, 1.0514869689941406],
 [200,
  10,
  0.01,
  0.010983394458889961,
  0.011459002271294594,
  0.011981859803199768],
 [200, 10, 0.1, 0.02034400962293148, 0.0215070191770792, 0.02059931866824627],
 [200, 10, 1, 0.9994994401931763, 1.0256506204605103, 1.0077871084213257],
 [200,
  11,
  0.01,
  0.01180802471935749,
  0.012398573569953442,
  0.012536494992673397],
 [200,
  11,
  0.1,
  0.021841617301106453,
  0.022682154551148415,
  0.021703818812966347],
 [200, 11, 1, 1.001531958580017, 1.037143588066101, 1.0107109546661377],
 [200,
  12,
  0.01,
  0.01328936219215393,
  0.01411991473287344,
  0.014064791612327099],
 [200,
  12,
  0.1,
  0.022854743525385857,
  0.02417021431028843,
  0.024875542148947716],
 [200, 12, 1, 0.9966926574707031, 1.040152668952942, 1.0511432886123657],
 [200,
  13,
  0.01,
  0.015075053088366985,
  0.01602061837911606,
  0.015298272483050823],
 [200,
  13,
  0.1,
  0.024529598653316498,
  0.026180315762758255,
  0.025097575038671494],
 [200, 13, 1, 0.9917958974838257, 1.0298768281936646, 1.0155373811721802],
 [200,
  14,
  0.01,
  0.01623164489865303,
  0.01742163859307766,
  0.016563627868890762],
 [200, 14, 0.1, 0.02580980211496353, 0.02779039368033409, 0.0266409944742918],
 [200, 14, 1, 1.0022331476211548, 1.0454392433166504, 1.0464258193969727],
 [200,
  15,
  0.01,
  0.016807163134217262,
  0.018989374861121178,
  0.018511438742280006],
 [200,
  15,
  0.1,
  0.02601194567978382,
  0.029146049171686172,
  0.027637850493192673],
 [200, 15, 1, 0.9873747229576111, 1.0451033115386963, 1.005871057510376],
 [200,
  16,
  0.01,
  0.01765955239534378,
  0.019704921171069145,
  0.018648633733391762],
 [200, 16, 0.1, 0.02750915102660656, 0.02932252734899521, 0.029079077765345573],
 [200, 16, 1, 1.0032052993774414, 1.0431420803070068, 0.9672062993049622],
 [200,
  17,
  0.01,
  0.017859863117337227,
  0.01879672147333622,
  0.017667444422841072],
 [200,
  17,
  0.1,
  0.027357110753655434,
  0.030212655663490295,
  0.031093603000044823],
 [200, 17, 1, 1.0020939111709595, 1.0438851118087769, 1.0153393745422363],
 [200,
  18,
  0.01,
  0.01771051436662674,
  0.019580800086259842,
  0.018443915992975235],
 [200, 18, 0.1, 0.0269219558686018, 0.029254820197820663, 0.02963404543697834],
 [200, 18, 1, 0.9685213565826416, 1.046446442604065, 0.9909060001373291],
 [200,
  19,
  0.01,
  0.01707642152905464,
  0.018456241115927696,
  0.018249904736876488],
 [200, 19, 0.1, 0.02682950533926487, 0.028786206617951393, 0.02742992341518402],
 [200, 19, 1, 0.9752926826477051, 1.0475554466247559, 0.9735429883003235],
 [200, 20, 0.01, 0.01676470786333084, 0.01837550476193428, 0.01637529954314232],
 [200,
  20,
  0.1,
  0.026372885331511497,
  0.02838275581598282,
  0.026178443804383278],
 [200, 20, 1, 1.0049041509628296, 1.0428991317749023, 0.9948062300682068]]
