[[2, 0, 0.01, 0.27437031269073486, 0.7658239603042603, 0.4996909201145172],
 [2, 0, 0.1, 0.22724102437496185, 0.7536803483963013, 0.524472713470459],
 [2, 0, 1, 0.706014096736908, 2.083812952041626, 1.5593364238739014],
 [2, 1, 0.01, 0.00033059355337172747, 2.0995395183563232, 0.7557064890861511],
 [2, 1, 0.1, 0.0011463427217677236, 2.3536906242370605, 0.7539450526237488],
 [2, 1, 1, 0.007862500846385956, 8.259234428405762, 2.1393136978149414],
 [2, 2, 0.01, -6.689120345981792e-05, 2.157874822616577, 0.7658089995384216],
 [2, 2, 0.1, 0.0005926445010118186, 3.0006768703460693, 0.9191460609436035],
 [2, 2, 1, 0.008495165035128593, 7.036678314208984, 1.81563138961792],
 [2, 3, 0.01, 0.00019302571308799088, 2.359628915786743, 0.9788163900375366],
 [2, 3, 0.1, 7.334238034673035e-05, 2.146109104156494, 0.743486762046814],
 [2, 3, 1, 0.03542421758174896, 17.845718383789062, 2.6214780807495117],
 [2, 4, 0.01, 0.0003815362579189241, 2.188628911972046, 0.8171370029449463],
 [2, 4, 0.1, 0.0004310368385631591, 2.6997251510620117, 0.9778847098350525],
 [2, 4, 1, 0.008052490651607513, 13.122087478637695, 2.3044164180755615],
 [2, 5, 0.01, 0.0001398421882186085, 1.5793147087097168, 0.47414806485176086],
 [2, 5, 0.1, 0.0008132921648211777, 1.8904744386672974, 0.5229054093360901],
 [2, 5, 1, 0.029330644756555557, 11.220646858215332, 1.761106014251709],
 [2, 6, 0.01, 3.391876816749573e-05, 1.6281160116195679, 0.4670620560646057],
 [2, 6, 0.1, 0.00032258551800623536, 2.0669376850128174, 0.6994370818138123],
 [2, 6, 1, 0.006154994480311871, 12.927900314331055, 1.4955910444259644],
 [2, 7, 0.01, -1.7424583347747102e-05, 1.2406765222549438, 0.3651672899723053],
 [2, 7, 0.1, 0.00046485234634019434, 1.8148216009140015, 0.4495561122894287],
 [2, 7, 1, 0.06173295900225639, 10.30795669555664, 1.461573600769043],
 [2, 8, 0.01, 7.242985884658992e-05, 1.4865864515304565, 0.4539523124694824],
 [2, 8, 0.1, 7.936139445519075e-05, 1.5573608875274658, 0.42169657349586487],
 [2, 8, 1, 0.033680904656648636, 9.854411125183105, 1.7765],
 [2, 9, 0.01, 8.854172483552247e-05, 1.7499427795410156, 0.3603191375732422],
 [2, 9, 0.1, 0.0007877603056840599, 1.5177150964736938, 0.2928973436355591],
 [2, 9, 1, 0.0029206927865743637, 13.364335060119629, 1.2128760814666748],
 [2, 10, 0.01, -8.104155313048977e-06, 1.3265568017959595, 0.29457569122314453],
 [2, 10, 0.1, 3.655536056612618e-05, 1.371574878692627, 0.3815],
 [2, 10, 1, 0.012966820038855076, 13.259285926818848, 1.5299],
 [2, 11, 0.01, 3.696313433465548e-05, 1.4295295476913452, 0.39072883129119873],
 [2, 11, 0.1, 0.00074356934055686, 1.4268412590026855, 0.2996782660484314],
 [2, 11, 1, 0.059600744396448135, 11.829367637634277, 1.4153],
 [2, 12, 0.01, 0.0003182542568538338, 1.2355235815048218, 0.3290989398956299],
 [2, 12, 0.1, 0.0007493406301364303, 1.325933575630188, 0.36559128761291504],
 [2, 12, 1, 0.017904596403241158, 6.5805983543396, 1.6232],
 [2, 13, 0.01, -7.754191028652713e-05, 1.5662816762924194, 0.4137524962425232],
 [2, 13, 0.1, -1.5552001059404574e-05, 1.4134835004806519, 0.31645217537879944],
 [2, 13, 1, 0.023081976920366287, 14.750822067260742, 1.411879301071167],
 [2, 14, 0.01, 0.00013459831825457513, 1.0647518634796143, 0.27576619386672974],
 [2, 14, 0.1, -8.956755482358858e-05, 1.3192919492721558, 0.3367207646369934],
 [2, 14, 1, 0.0023009765427559614, 10.477686882019043, 1.650555968284607],
 [2, 15, 0.01, 0.00026761749177239835, 1.3310078382492065, 0.3446809649467468],
 [2, 15, 0.1, 9.607230458641425e-05, 1.44485342502594, 0.3756],
 [2, 15, 1, 0.0028420172166079283, 12.305704116821289, 1.786241888999939],
 [2, 16, 0.01, 0.00010787186329253018, 1.5497722625732422, 0.4295876920223236],
 [2, 16, 0.1, 5.0361024477751926e-05, 1.6361477375030518, 0.44804850220680237],
 [2, 16, 1, 0.007719716522842646, 8.94265079498291, 1.2579],
 [2, 17, 0.01, 1.7309848772129044e-05, 1.489827275276184, 0.43517163395881653],
 [2, 17, 0.1, -3.879222276736982e-05, 1.7218618392944336, 0.39079657196998596],
 [2, 17, 1, 0.02125692553818226, 16.041322708129883, 1.4148331880569458],
 [2, 18, 0.01, 0.00010619488602969795, 1.413012146949768, 0.5418305397033691],
 [2, 18, 0.1, 0.0004453224246390164, 1.380592703819275, 0.42922070622444153],
 [2, 18, 1, 0.030142799019813538, 17.403207778930664, 1.6688],
 [2, 19, 0.01, 0.0001287329796468839, 1.462077021598816, 0.6069],
 [2, 19, 0.1, 0.000739948358386755, 1.8071060180664062, 0.6905698180198669],
 [2, 19, 1, 0.041793134063482285, 13.663610458374023, 1.8047],
 [2, 20, 0.01, -2.6145746232941747e-05, 1.6668751239776611, 0.6118003726005554],
 [2, 20, 0.1, -0.000114967449917458, 2.080551862716675, 0.8027027249336243],
 [2, 20, 1, 0.007755977101624012, 19.322622299194336, 2.3087234497070312],
 [5, 0, 0.01, 0.3737407326698303, 0.5998854637145996, 0.5057196617126465],
 [5, 0, 0.1, 0.4553522765636444, 0.6115705370903015, 0.5173006057739258],
 [5, 0, 1, 1.1733105182647705, 1.7740362882614136, 1.409401297569275],
 [5, 1, 0.01, 0.27272623777389526, 1.1043826341629028, 0.5416334271430969],
 [5, 1, 0.1, 0.2898382544517517, 1.201135516166687, 0.5550875663757324],
 [5, 1, 1, 0.8963472247123718, 2.853703498840332, 1.558424711227417],
 [5, 2, 0.01, 0.03073049522936344, 0.6670281887054443, 0.1546270102262497],
 [5, 2, 0.1, 0.03756856918334961, 0.4660925567150116, 0.1246509924530983],
 [5, 2, 1, 0.5550663471221924, 2.8515944480895996, 1.2346702814102173],
 [5, 3, 0.01, 0.013451198115944862, 0.4604760706424713, 0.0730355903506279],
 [5, 3, 0.1, 0.017761176452040672, 0.6587031483650208, 0.10998887568712234],
 [5, 3, 1, 0.46546298265457153, 2.953390598297119, 1.0106393098831177],
 [5, 4, 0.01, 0.01613740809261799, 0.6551690101623535, 0.09119084477424622],
 [5, 4, 0.1, 0.018338680267333984, 0.6186675429344177, 0.09678249061107635],
 [5, 4, 1, 0.45803046226501465, 3.3965792655944824, 1.0417442321777344],
 [5, 5, 0.01, 0.015449296683073044, 0.5422233939170837, 0.12137972563505173],
 [5, 5, 0.1, 0.019979052245616913, 0.8372448086738586, 0.12268446385860443],
 [5, 5, 1, 0.41957032680511475, 3.6425344944000244, 1.0982555150985718],
 [5, 6, 0.01, 0.01261893194168806, 0.7206112146377563, 0.14657148718833923],
 [5, 6, 0.1, 0.017999723553657532, 0.8036549091339111, 0.16996367275714874],
 [5, 6, 1, 0.39108848571777344, 3.359266757965088, 1.2030047178268433],
 [5, 7, 0.01, 0.00967959500849247, 0.9759417772293091, 0.3034481406211853],
 [5, 7, 0.1, 0.013901915401220322, 1.0383474826812744, 0.32663747668266296],
 [5, 7, 1, 0.3698032796382904, 4.354297637939453, 1.1604646444320679],
 [5, 8, 0.01, 0.00853668712079525, 0.8950404524803162, 0.3513558804988861],
 [5, 8, 0.1, 0.014833285473287106, 1.0187395811080933, 0.19705116748809814],
 [5, 8, 1, 0.5028606653213501, 6.120915412902832, 1.2248523235321045],
 [5, 9, 0.01, 0.007012646179646254, 1.5605881214141846, 0.4395899176597595],
 [5, 9, 0.1, 0.013090241700410843, 0.842881977558136, 0.2146448791027069],
 [5, 9, 1, 0.3261408507823944, 5.344951629638672, 1.587113618850708],
 [5, 10, 0.01, 0.00759813142940402, 1.0925555229187012, 0.3520900011062622],
 [5, 10, 0.1, 0.010148920118808746, 0.8866048455238342, 0.2739405333995819],
 [5, 10, 1, 0.422307550907135, 5.832550525665283, 1.4188693761825562],
 [5, 11, 0.01, 0.006109881214797497, 1.662652850151062, 0.4529903531074524],
 [5, 11, 0.1, 0.013865458779036999, 1.2110278606414795, 0.3740464150905609],
 [5, 11, 1, 0.33106133341789246, 7.550079822540283, 1.244915246963501],
 [5, 12, 0.01, 0.006564817391335964, 1.375899076461792, 0.3837656080722809],
 [5, 12, 0.1, 0.011828040704131126, 1.8308781385421753, 0.7214202284812927],
 [5, 12, 1, 0.5252983570098877, 7.73603630065918, 1.5272518396377563],
 [5, 13, 0.01, 0.006554226391017437, 1.7704658508300781, 0.7350238561630249],
 [5, 13, 0.1, 0.012908173725008965, 1.316437840461731, 0.3684428334236145],
 [5, 13, 1, 0.35048729181289673, 5.593387603759766, 1.0758514404296875],
 [5, 14, 0.01, 0.005042955745011568, 1.4934823513031006, 0.46678832173347473],
 [5, 14, 0.1, 0.006956498604267836, 1.0795416831970215, 0.27103838324546814],
 [5, 14, 1, 0.318724125623703, 5.655386447906494, 1.2546091079711914],
 [5, 15, 0.01, 0.006323878653347492, 1.6471666097640991, 0.41206303238868713],
 [5, 15, 0.1, 0.010931205935776234, 2.1382575035095215, 0.5859890580177307],
 [5, 15, 1, 0.2859141230583191, 7.945900917053223, 1.8597971200942993],
 [5, 16, 0.01, 0.00525551475584507, 2.7366397380828857, 1.2084131240844727],
 [5, 16, 0.1, 0.009855680167675018, 3.159954786300659, 1.354341983795166],
 [5, 16, 1, 0.363351047039032, 8.297292709350586, 1.3776824474334717],
 [5, 17, 0.01, 0.008745985105633736, 1.600210428237915, 0.4905257523059845],
 [5, 17, 0.1, 0.010722210630774498, 2.4744434356689453, 0.9225723743438721],
 [5, 17, 1, 0.3421967029571533, 10.153919219970703, 1.256421446800232],
 [5, 18, 0.01, 0.005417296197265387, 1.6756826639175415, 0.4008788764476776],
 [5, 18, 0.1, 0.00971692893654108, 2.19804310798645, 0.910934329032898],
 [5, 18, 1, 0.3778475821018219, 8.539464950561523, 2.457686424255371],
 [5, 19, 0.01, 0.007350729778409004, 2.2210772037506104, 0.9318806529045105],
 [5, 19, 0.1, 0.010180498473346233, 1.6902055740356445, 0.39991629123687744],
 [5, 19, 1, 0.2704693377017975, 10.65093994140625, 1.7813026905059814],
 [5, 20, 0.01, 0.006930860225111246, 2.7933390140533447, 1.1226344108581543],
 [5, 20, 0.1, 0.01016623992472887, 2.6821062564849854, 0.8527206182479858],
 [5, 20, 1, 0.35811570286750793, 11.043951034545898, 2.369551420211792],
 [10, 0, 0.01, 0.4718099534511566, 0.5408315062522888, 0.4991550147533417],
 [10, 0, 0.1, 0.46251925826072693, 0.580145001411438, 0.5038518309593201],
 [10, 0, 1, 1.3922098875045776, 1.6973114013671875, 1.5979841947555542],
 [10, 1, 0.01, 0.3844318091869354, 0.6328955292701721, 0.5092958211898804],
 [10, 1, 0.1, 0.39814645051956177, 0.6842819452285767, 0.5067079067230225],
 [10, 1, 1, 1.3795346021652222, 1.8456106185913086, 1.4459702968597412],
 [10, 2, 0.01, 0.034959178417921066, 0.10310213267803192, 0.05280344933271408],
 [10, 2, 0.1, 0.04325876384973526, 0.11480304598808289, 0.05460492521524429],
 [10, 2, 1, 0.7406032681465149, 1.5318721532821655, 1.0298231840133667],
 [10, 3, 0.01, 0.02542743645608425, 0.0850611999630928, 0.04395122081041336],
 [10, 3, 0.1, 0.031205398961901665, 0.0986689031124115, 0.0632070004940033],
 [10, 3, 1, 0.8249156475067139, 1.4563316106796265, 1.0597302913665771],
 [10, 4, 0.01, 0.030939767137169838, 0.13693387806415558, 0.07795554399490356],
 [10, 4, 0.1, 0.03843678906559944, 0.16945314407348633, 0.07238132506608963],
 [10, 4, 1, 0.5791018009185791, 1.9401246309280396, 1.0583853721618652],
 [10, 5, 0.01, 0.03218187764286995, 0.21715164184570312, 0.0866791158914566],
 [10, 5, 0.1, 0.03716261684894562, 0.19964571297168732, 0.10629948228597641],
 [10, 5, 1, 0.7996240854263306, 1.6217159032821655, 1.1396933794021606],
 [10, 6, 0.01, 0.026223257184028625, 0.373104453086853, 0.10482965409755707],
 [10, 6, 0.1, 0.029284825548529625, 0.4743262827396393, 0.21614576876163483],
 [10, 6, 1, 0.637323260307312, 1.924924373626709, 1.1106709241867065],
 [10, 7, 0.01, 0.02143944427371025, 0.2504214346408844, 0.10948087275028229],
 [10, 7, 0.1, 0.03044736571609974, 0.1897873729467392, 0.07022035866975784],
 [10, 7, 1, 0.6172023415565491, 2.0311505794525146, 1.1192759275436401],
 [10, 8, 0.01, 0.014536406844854355, 0.36481788754463196, 0.08381031453609467],
 [10, 8, 0.1, 0.021508341655135155, 0.6655207276344299, 0.2585403025150299],
 [10, 8, 1, 0.6704065799713135, 1.8715535402297974, 1.0508379936218262],
 [10, 9, 0.01, 0.01415854413062334, 0.4080599844455719, 0.14283885061740875],
 [10, 9, 0.1, 0.01847425289452076, 0.3563584089279175, 0.09726259857416153],
 [10, 9, 1, 0.631208062171936, 1.7793006896972656, 1.1001712083816528],
 [10, 10, 0.01, 0.011210989207029343, 0.5952755212783813, 0.1903831958770752],
 [10, 10, 0.1, 0.015039279125630856, 0.7833653092384338, 0.24299293756484985],
 [10, 10, 1, 0.5763804912567139, 2.0188188552856445, 1.0921460390090942],
 [10, 11, 0.01, 0.011402212083339691, 0.4659886956214905, 0.10622892528772354],
 [10, 11, 0.1, 0.0145375095307827, 0.5161383152008057, 0.1392647922039032],
 [10, 11, 1, 0.6622418761253357, 2.7709298133850098, 1.251710295677185],
 [10, 12, 0.01, 0.009764069691300392, 0.5025382041931152, 0.07167023420333862],
 [10, 12, 0.1, 0.016206296160817146, 0.5344563126564026, 0.09025827795267105],
 [10, 12, 1, 0.5795446634292603, 3.3816628456115723, 1.0828527212142944],
 [10, 13, 0.01, 0.010219596326351166, 0.6566706299781799, 0.11577542126178741],
 [10, 13, 0.1, 0.015514430589973927, 0.8262050747871399, 0.1792508065700531],
 [10, 13, 1, 0.6582414507865906, 2.6966795921325684, 1.1081042289733887],
 [10, 14, 0.01, 0.0106278695166111, 0.853268027305603, 0.14646293222904205],
 [10, 14, 0.1, 0.018291037529706955, 0.755320131778717, 0.14741270244121552],
 [10, 14, 1, 0.6426360607147217, 3.815866470336914, 1.095021367073059],
 [10, 15, 0.01, 0.01095779798924923, 0.9346122741699219, 0.18024298548698425],
 [10, 15, 0.1, 0.014249774627387524, 0.8715628981590271, 0.17280998826026917],
 [10, 15, 1, 0.6071729063987732, 2.3405699729919434, 1.0523350238800049],
 [10, 16, 0.01, 0.009929793886840343, 0.43317049741744995, 0.03496388718485832],
 [10, 16, 0.1, 0.01853608898818493, 0.504736602306366, 0.08368455618619919],
 [10, 16, 1, 0.5694125890731812, 3.427500009536743, 1.2704105377197266],
 [10, 17, 0.01, 0.011381818912923336, 0.31525152921676636, 0.03028159961104393],
 [10, 17, 0.1, 0.01791011542081833, 0.9148624539375305, 0.1547638475894928],
 [10, 17, 1, 0.6224777102470398, 2.018063545227051, 1.0470287799835205],
 [10, 18, 0.01, 0.010686681605875492, 0.4511120319366455, 0.031513065099716187],
 [10, 18, 0.1, 0.016658693552017212, 0.9555656909942627, 0.11867638677358627],
 [10, 18, 1, 0.6229492425918579, 4.006271839141846, 1.0280647277832031],
 [10, 19, 0.01, 0.011965197511017323, 0.6622393727302551, 0.08005711436271667],
 [10, 19, 0.1, 0.015413842163980007, 1.0280113220214844, 0.1862989366054535],
 [10, 19, 1, 0.5366231799125671, 3.146181583404541, 1.044950246810913],
 [10, 20, 0.01, 0.010202698409557343, 1.2054249048233032, 0.1894814521074295],
 [10, 20, 0.1, 0.01469906885176897, 1.2010716199874878, 0.16552020609378815],
 [10, 20, 1, 0.576777458190918, 2.6377930641174316, 1.0303927659988403],
 [20, 0, 0.01, 0.47848692536354065, 0.5260509252548218, 0.48156285285949707],
 [20, 0, 0.1, 0.4726918339729309, 0.5460714101791382, 0.5031325817108154],
 [20, 0, 1, 1.3269469738006592, 1.607925295829773, 1.5288373231887817],
 [20, 1, 0.01, 0.45749813318252563, 0.5631154179573059, 0.4997313618659973],
 [20, 1, 0.1, 0.45274680852890015, 0.6050214171409607, 0.5078443884849548],
 [20, 1, 1, 1.3833742141723633, 1.6867282390594482, 1.5593782663345337],
 [20, 2, 0.01, 0.03430357575416565, 0.04791922867298126, 0.040090128779411316],
 [20, 2, 0.1, 0.04304228723049164, 0.06306762993335724, 0.04871878772974014],
 [20, 2, 1, 0.9768491387367249, 1.2134060859680176, 1.051716685295105],
 [20, 3, 0.01, 0.03432647883892059, 0.06283676624298096, 0.04348292574286461],
 [20, 3, 0.1, 0.04024196043610573, 0.07780025154352188, 0.05774832144379616],
 [20, 3, 1, 0.9680687189102173, 1.2941246032714844, 1.037663221359253],
 [20, 4, 0.01, 0.04550688713788986, 0.07988392561674118, 0.06668674945831299],
 [20, 4, 0.1, 0.05156692862510681, 0.09759443253278732, 0.06759962439537048],
 [20, 4, 1, 0.9085166454315186, 1.330873966217041, 1.0956124067306519],
 [20, 5, 0.01, 0.04173020273447037, 0.10112623125314713, 0.06072940677404404],
 [20, 5, 0.1, 0.04939388111233711, 0.13652203977108002, 0.08427821844816208],
 [20, 5, 1, 0.8536525964736938, 1.2701594829559326, 1.0143828392028809],
 [20, 6, 0.01, 0.030975498259067535, 0.1322055608034134, 0.05701098591089249],
 [20, 6, 0.1, 0.040834322571754456, 0.10397431999444962, 0.06262675672769547],
 [20, 6, 1, 0.8958772420883179, 1.3142509460449219, 1.0165486335754395],
 [20, 7, 0.01, 0.022964442148804665, 0.08685874938964844, 0.03536069393157959],
 [20, 7, 0.1, 0.029841149225831032, 0.10335355997085571, 0.044243719428777695],
 [20, 7, 1, 0.7856347560882568, 1.3158783912658691, 1.064624547958374],
 [20, 8, 0.01, 0.017044540494680405, 0.09287084639072418, 0.037147097289562225],
 [20, 8, 0.1, 0.02369242161512375, 0.09469877183437347, 0.0360214039683342],
 [20, 8, 1, 0.8339142799377441, 1.307444453239441, 1.0385643243789673],
 [20,
  9,
  0.01,
  0.011458855122327805,
  0.022403981536626816,
  0.013721711933612823],
 [20, 9, 0.1, 0.020031161606311798, 0.108930803835392, 0.03792864456772804],
 [20, 9, 1, 0.8185409307479858, 1.306150197982788, 1.0876612663269043],
 [20,
  10,
  0.01,
  0.009725728072226048,
  0.026392068713903427,
  0.01189364679157734],
 [20, 10, 0.1, 0.017602652311325073, 0.03446421027183533, 0.02292233519256115],
 [20, 10, 1, 0.8285233974456787, 1.3132405281066895, 1.0161175727844238],
 [20,
  11,
  0.01,
  0.009518730454146862,
  0.07484859973192215,
  0.016761938109993935],
 [20, 11, 0.1, 0.016857849434018135, 0.0449272096157074, 0.02165674790740013],
 [20, 11, 1, 0.7865298986434937, 1.2920105457305908, 0.9930741190910339],
 [20, 12, 0.01, 0.01056597102433443, 0.09998262673616409, 0.019733641296625137],
 [20, 12, 0.1, 0.01931741274893284, 0.06333096325397491, 0.024627676233649254],
 [20, 12, 1, 0.8187653422355652, 1.438557744026184, 1.0824702978134155],
 [20,
  13,
  0.01,
  0.010575002059340477,
  0.15608780086040497,
  0.020801693201065063],
 [20, 13, 0.1, 0.020444683730602264, 0.05072140321135521, 0.02465864270925522],
 [20, 13, 1, 0.8574749231338501, 1.5353896617889404, 1.0055078268051147],
 [20, 14, 0.01, 0.011654759757220745, 0.2526012361049652, 0.02451494336128235],
 [20, 14, 0.1, 0.02016466297209263, 0.04693867638707161, 0.026602018624544144],
 [20, 14, 1, 0.9132042527198792, 1.7573590278625488, 1.019785761833191],
 [20,
  15,
  0.01,
  0.012123092077672482,
  0.037191301584243774,
  0.020831463858485222],
 [20, 15, 0.1, 0.021538706496357918, 0.09958112984895706, 0.03140636906027794],
 [20, 15, 1, 0.8414599895477295, 1.5954217910766602, 1.0481758117675781],
 [20,
  16,
  0.01,
  0.012752565555274487,
  0.042377129197120667,
  0.023757416754961014],
 [20, 16, 0.1, 0.020477091893553734, 0.1589822620153427, 0.029023772105574608],
 [20, 16, 1, 0.7343054413795471, 1.4773882627487183, 0.9938982725143433],
 [20, 17, 0.01, 0.012612901628017426, 0.04520195350050926, 0.02278829552233219],
 [20, 17, 0.1, 0.019964443519711494, 0.18117164075374603, 0.033688515424728394],
 [20, 17, 1, 0.7813060283660889, 2.077373504638672, 0.9809851050376892],
 [20, 18, 0.01, 0.012801078148186207, 0.1700104922056198, 0.02576756849884987],
 [20, 18, 0.1, 0.021126890555024147, 0.10256285965442657, 0.03332429751753807],
 [20, 18, 1, 0.7685250043869019, 1.8161017894744873, 1.0091779232025146],
 [20,
  19,
  0.01,
  0.013662879355251789,
  0.11535492539405823,
  0.021809149533510208],
 [20, 19, 0.1, 0.02146749198436737, 0.10364744067192078, 0.03333551809191704],
 [20, 19, 1, 0.767983615398407, 1.7638260126113892, 1.0254895687103271],
 [20,
  20,
  0.01,
  0.013061468489468098,
  0.13805724680423737,
  0.027684267610311508],
 [20, 20, 0.1, 0.021522248163819313, 0.08349664509296417, 0.04814915359020233],
 [20, 20, 1, 0.8540135025978088, 1.501915693283081, 1.0614662170410156],
 [50, 0, 0.01, 0.4854307174682617, 0.5085693597793579, 0.5150170922279358],
 [50, 0, 0.1, 0.5008426904678345, 0.5216056108474731, 0.4980981945991516],
 [50, 0, 1, 1.436440110206604, 1.544887900352478, 1.545910120010376],
 [50, 1, 0.01, 0.48540133237838745, 0.5266021490097046, 0.4764713644981384],
 [50, 1, 0.1, 0.48608002066612244, 0.5385451316833496, 0.5330482125282288],
 [50, 1, 1, 1.4039747714996338, 1.580772042274475, 1.355288028717041],
 [50, 2, 0.01, 0.035674646496772766, 0.039547909051179886, 0.03721055015921593],
 [50, 2, 0.1, 0.04370858147740364, 0.050903256982564926, 0.04919496178627014],
 [50, 2, 1, 0.9720351696014404, 1.097556471824646, 0.9865707159042358],
 [50, 3, 0.01, 0.040522631257772446, 0.05101976543664932, 0.046081289649009705],
 [50, 3, 0.1, 0.048762187361717224, 0.060998525470495224, 0.0594874769449234],
 [50, 3, 1, 0.9755448698997498, 1.1273106336593628, 1.0083965063095093],
 [50, 4, 0.01, 0.051628436893224716, 0.06312058866024017, 0.05493989959359169],
 [50, 4, 0.1, 0.05882198363542557, 0.07521098852157593, 0.06555353850126266],
 [50, 4, 1, 0.986030638217926, 1.1495615243911743, 1.0065540075302124],
 [50, 5, 0.01, 0.04595417529344559, 0.06439659744501114, 0.05568090081214905],
 [50, 5, 0.1, 0.05578681826591492, 0.06644528359174728, 0.06112488731741905],
 [50, 5, 1, 0.9913682341575623, 1.1317130327224731, 1.016204595565796],
 [50, 6, 0.01, 0.0331365205347538, 0.049920257180929184, 0.0393504798412323],
 [50, 6, 0.1, 0.04297991842031479, 0.05156214162707329, 0.04649645835161209],
 [50, 6, 1, 0.9652087688446045, 1.1383086442947388, 1.1036875247955322],
 [50,
  7,
  0.01,
  0.021381843835115433,
  0.027003852650523186,
  0.024136576801538467],
 [50, 7, 0.1, 0.031187551096081734, 0.04268242418766022, 0.03410579636693001],
 [50, 7, 1, 0.9983601570129395, 1.1301758289337158, 1.0562077760696411],
 [50,
  8,
  0.01,
  0.013630333356559277,
  0.016136515885591507,
  0.015074612572789192],
 [50, 8, 0.1, 0.022765884175896645, 0.02730451337993145, 0.025148646906018257],
 [50, 8, 1, 0.9124813079833984, 1.0962142944335938, 1.0252354145050049],
 [50,
  9,
  0.01,
  0.010191667824983597,
  0.013103371486067772,
  0.011113472282886505],
 [50, 9, 0.1, 0.01947563886642456, 0.022313842549920082, 0.020067667588591576],
 [50, 9, 1, 0.9136273860931396, 1.112819790840149, 0.9583253264427185],
 [50, 10, 0.01, 0.009189820848405361, 0.01193180214613676, 0.01029992662370205],
 [50, 10, 0.1, 0.019030064344406128, 0.022329967468976974, 0.01933644898235798],
 [50, 10, 1, 0.9166087508201599, 1.1299107074737549, 1.027635931968689],
 [50,
  11,
  0.01,
  0.009782015345990658,
  0.012220939621329308,
  0.01031038910150528],
 [50, 11, 0.1, 0.018527137115597725, 0.023281492292881012, 0.01976875588297844],
 [50, 11, 1, 0.9098852276802063, 1.1034296751022339, 1.0302377939224243],
 [50,
  12,
  0.01,
  0.011160031892359257,
  0.014607172459363937,
  0.012076633982360363],
 [50, 12, 0.1, 0.02027752809226513, 0.02511993795633316, 0.021259715780615807],
 [50, 12, 1, 0.9361181855201721, 1.111609935760498, 0.9921547174453735],
 [50,
  13,
  0.01,
  0.012652766890823841,
  0.016933145001530647,
  0.01494707353413105],
 [50,
  13,
  0.1,
  0.021873541176319122,
  0.028511490672826767,
  0.023527536541223526],
 [50, 13, 1, 0.9291736483573914, 1.1549174785614014, 1.0282427072525024],
 [50,
  14,
  0.01,
  0.01394233200699091,
  0.019338034093379974,
  0.015682384371757507],
 [50, 14, 0.1, 0.021737130358815193, 0.04556071385741234, 0.024046408012509346],
 [50, 14, 1, 0.9585174322128296, 1.1355681419372559, 1.02165949344635],
 [50,
  15,
  0.01,
  0.014462104067206383,
  0.02252538502216339,
  0.017097298055887222],
 [50, 15, 0.1, 0.02323891967535019, 0.0339093841612339, 0.028873343020677567],
 [50, 15, 1, 0.9050492644309998, 1.1058567762374878, 0.9278118014335632],
 [50,
  16,
  0.01,
  0.015313565731048584,
  0.023303668946027756,
  0.018162613734602928],
 [50, 16, 0.1, 0.024126630276441574, 0.032839711755514145, 0.02741212584078312],
 [50, 16, 1, 0.9361059069633484, 1.125792145729065, 1.0216981172561646],
 [50, 17, 0.01, 0.015622538514435291, 0.02714664489030838, 0.01915053091943264],
 [50, 17, 0.1, 0.024252695962786674, 0.03484350070357323, 0.028096457943320274],
 [50, 17, 1, 0.9525367021560669, 1.2065670490264893, 1.072050929069519],
 [50,
  18,
  0.01,
  0.01536273118108511,
  0.031411122530698776,
  0.018256988376379013],
 [50, 18, 0.1, 0.023777160793542862, 0.03777299448847771, 0.028980256989598274],
 [50, 18, 1, 0.9068481922149658, 1.1301767826080322, 1.022849202156067],
 [50,
  19,
  0.01,
  0.01491490937769413,
  0.029986057430505753,
  0.022079141810536385],
 [50,
  19,
  0.1,
  0.024303505197167397,
  0.039605364203453064,
  0.029692260548472404],
 [50, 19, 1, 0.9186448454856873, 1.1272904872894287, 0.9847095012664795],
 [50,
  20,
  0.01,
  0.015145765617489815,
  0.024294059723615646,
  0.01818918250501156],
 [50, 20, 0.1, 0.023509986698627472, 0.04241056367754936, 0.032480623573064804],
 [50, 20, 1, 0.9557895064353943, 1.199119210243225, 1.0094752311706543],
 [100, 0, 0.01, 0.5016637444496155, 0.5058344006538391, 0.5109376311302185],
 [100, 0, 0.1, 0.502287745475769, 0.51603102684021, 0.49939608573913574],
 [100, 0, 1, 1.4570198059082031, 1.5104985237121582, 1.5469523668289185],
 [100, 1, 0.01, 0.49334537982940674, 0.5156927704811096, 0.482184499502182],
 [100, 1, 0.1, 0.49498486518859863, 0.5223092436790466, 0.5220168828964233],
 [100, 1, 1, 1.45867919921875, 1.5326489210128784, 1.3770751953125],
 [100, 2, 0.01, 0.03684033825993538, 0.0382251963019371, 0.0366075336933136],
 [100, 2, 0.1, 0.04529191553592682, 0.04828528314828873, 0.046784937381744385],
 [100, 2, 1, 1.0217868089675903, 1.0644832849502563, 1.044820785522461],
 [100,
  3,
  0.01,
  0.043182872235774994,
  0.048192400485277176,
  0.04629632085561752],
 [100, 3, 0.1, 0.052557479590177536, 0.05811731517314911, 0.05587167292833328],
 [100, 3, 1, 1.0054084062576294, 1.090808629989624, 0.9942921996116638],
 [100,
  4,
  0.01,
  0.052180372178554535,
  0.059371013194322586,
  0.054510101675987244],
 [100, 4, 0.1, 0.06206689774990082, 0.07195090502500534, 0.07035811990499496],
 [100, 4, 1, 1.035827398300171, 1.0807888507843018, 1.0522032976150513],
 [100, 5, 0.01, 0.048467446118593216, 0.05272490158677101, 0.05012372136116028],
 [100, 5, 0.1, 0.05628685653209686, 0.0648738369345665, 0.06025310605764389],
 [100, 5, 1, 0.9875726103782654, 1.0906131267547607, 1.1049891710281372],
 [100, 6, 0.01, 0.033371701836586, 0.0358893983066082, 0.03439168632030487],
 [100, 6, 0.1, 0.04352867975831032, 0.045927952975034714, 0.0443129800260067],
 [100, 6, 1, 0.962958574295044, 1.0697927474975586, 1.1238443851470947],
 [100,
  7,
  0.01,
  0.021407444030046463,
  0.023789484053850174,
  0.022284632548689842],
 [100, 7, 0.1, 0.030724937096238136, 0.03393036872148514, 0.029644690454006195],
 [100, 7, 1, 0.9843603372573853, 1.0548701286315918, 0.9897350668907166],
 [100, 8, 0.01, 0.0133445356041193, 0.014820375479757786, 0.013720523566007614],
 [100, 8, 0.1, 0.022558970376849174, 0.02445261925458908, 0.022917117923498154],
 [100, 8, 1, 0.9913654327392578, 1.058717966079712, 0.9961889982223511],
 [100,
  9,
  0.01,
  0.00981258973479271,
  0.010471321642398834,
  0.010268211364746094],
 [100,
  9,
  0.1,
  0.019142959266901016,
  0.020968332886695862,
  0.020093116909265518],
 [100, 9, 1, 1.0054700374603271, 1.0710289478302002, 0.9810004234313965],
 [100,
  10,
  0.01,
  0.009394231252372265,
  0.009958270937204361,
  0.009940492920577526],
 [100, 10, 0.1, 0.01888653263449669, 0.020674247294664383, 0.0189135130494833],
 [100, 10, 1, 0.9544133543968201, 1.054174542427063, 1.0098987817764282],
 [100,
  11,
  0.01,
  0.01016713585704565,
  0.011362534016370773,
  0.010956376791000366],
 [100,
  11,
  0.1,
  0.019473981112241745,
  0.021818529814481735,
  0.019627928733825684],
 [100, 11, 1, 0.989882230758667, 1.0519930124282837, 0.9910967350006104],
 [100,
  12,
  0.01,
  0.011569115333259106,
  0.013371193781495094,
  0.012579262256622314],
 [100,
  12,
  0.1,
  0.020492415875196457,
  0.023860329762101173,
  0.02031628042459488],
 [100, 12, 1, 0.9996294975280762, 1.0640119314193726, 0.9923558235168457],
 [100,
  13,
  0.01,
  0.013327497988939285,
  0.01564078964293003,
  0.014390561729669571],
 [100, 13, 0.1, 0.023267023265361786, 0.0252696443349123, 0.023386569693684578],
 [100, 13, 1, 0.971304714679718, 1.0603766441345215, 1.0245335102081299],
 [100,
  14,
  0.01,
  0.014483554288744926,
  0.01787867583334446,
  0.015803713351488113],
 [100,
  14,
  0.1,
  0.023497996851801872,
  0.027884498238563538,
  0.025741998106241226],
 [100, 14, 1, 0.9872733950614929, 1.0725055932998657, 1.0372984409332275],
 [100,
  15,
  0.01,
  0.015539688058197498,
  0.01943783089518547,
  0.016932036727666855],
 [100, 15, 0.1, 0.02531486749649048, 0.02945820987224579, 0.026640938594937325],
 [100, 15, 1, 0.9715463519096375, 1.0632102489471436, 1.0342957973480225],
 [100,
  16,
  0.01,
  0.015770940110087395,
  0.02016722969710827,
  0.01791013404726982],
 [100,
  16,
  0.1,
  0.02587464079260826,
  0.029237892478704453,
  0.026902539655566216],
 [100, 16, 1, 0.9844334125518799, 1.0725003480911255, 1.0164228677749634],
 [100, 17, 0.01, 0.0164985079318285, 0.020184356719255447, 0.01692221499979496],
 [100,
  17,
  0.1,
  0.025650499388575554,
  0.030885791406035423,
  0.02631443552672863],
 [100, 17, 1, 0.933327317237854, 1.0593525171279907, 0.981614887714386],
 [100,
  18,
  0.01,
  0.01629248633980751,
  0.01985035091638565,
  0.016937658190727234],
 [100,
  18,
  0.1,
  0.02598339132964611,
  0.030799783766269684,
  0.028366267681121826],
 [100, 18, 1, 0.9732091426849365, 1.0675231218338013, 0.9750433564186096],
 [100,
  19,
  0.01,
  0.01600748300552368,
  0.02008059062063694,
  0.017544949427247047],
 [100,
  19,
  0.1,
  0.024914095178246498,
  0.031009335070848465,
  0.02790188230574131],
 [100, 19, 1, 0.983122706413269, 1.062188982963562, 1.0457547903060913],
 [100,
  20,
  0.01,
  0.015546303242444992,
  0.01745929941534996,
  0.01625203900039196],
 [100,
  20,
  0.1,
  0.024702847003936768,
  0.028909211978316307,
  0.024743350222706795],
 [100, 20, 1, 0.9793400764465332, 1.0775984525680542, 1.0088121891021729],
 [200, 0, 0.01, 0.5003214478492737, 0.5022380352020264, 0.49281376600265503],
 [200, 0, 0.1, 0.507809579372406, 0.5131254196166992, 0.5132656097412109],
 [200, 0, 1, 1.5017393827438354, 1.5033035278320312, 1.531854271888733],
 [200, 1, 0.01, 0.49838075041770935, 0.5022642016410828, 0.4945921301841736],
 [200, 1, 0.1, 0.5142117738723755, 0.5163233280181885, 0.5000002980232239],
 [200, 1, 1, 1.4539250135421753, 1.5123764276504517, 1.4491431713104248],
 [200,
  2,
  0.01,
  0.03680965676903725,
  0.037934161722660065,
  0.036803677678108215],
 [200, 2, 0.1, 0.04680229350924492, 0.04738025739789009, 0.046255696564912796],
 [200, 2, 1, 1.0462325811386108, 1.049065113067627, 1.0755071640014648],
 [200, 3, 0.01, 0.04356037452816963, 0.046434931457042694, 0.04811033606529236],
 [200,
  3,
  0.1,
  0.054146550595760345,
  0.056151699274778366,
  0.056154802441596985],
 [200, 3, 1, 1.0403015613555908, 1.0603656768798828, 1.0807480812072754],
 [200, 4, 0.01, 0.053885556757450104, 0.05665288865566254, 0.05225672200322151],
 [200, 4, 0.1, 0.06516943871974945, 0.06723453104496002, 0.0656733438372612],
 [200, 4, 1, 1.0410593748092651, 1.0768295526504517, 1.0033265352249146],
 [200, 5, 0.01, 0.04840682074427605, 0.05094809830188751, 0.053233802318573],
 [200, 5, 0.1, 0.058117445558309555, 0.06049736961722374, 0.0583946667611599],
 [200, 5, 1, 1.0166982412338257, 1.0566614866256714, 1.041995644569397],
 [200, 6, 0.01, 0.03398112207651138, 0.03547113016247749, 0.03421161323785782],
 [200, 6, 0.1, 0.04319203272461891, 0.04554203525185585, 0.044776782393455505],
 [200, 6, 1, 1.0183295011520386, 1.0650404691696167, 1.012151837348938],
 [200, 7, 0.01, 0.0207778662443161, 0.022001443430781364, 0.020999154075980186],
 [200, 7, 0.1, 0.030473103746771812, 0.031399987637996674, 0.03126940503716469],
 [200, 7, 1, 0.9742093086242676, 1.0441478490829468, 1.0259736776351929],
 [200,
  8,
  0.01,
  0.012747939676046371,
  0.013150399550795555,
  0.012795093469321728],
 [200, 8, 0.1, 0.02281741425395012, 0.023464595898985863, 0.021646257489919662],
 [200, 8, 1, 0.9918709397315979, 1.0287312269210815, 1.005005121231079],
 [200,
  9,
  0.01,
  0.009534979239106178,
  0.010027486830949783,
  0.009826794266700745],
 [200,
  9,
  0.1,
  0.019584892317652702,
  0.020002486184239388,
  0.020151939243078232],
 [200, 9, 1, 1.0033763647079468, 1.0312037467956543, 0.9837937951087952],
 [200,
  10,
  0.01,
  0.00931024830788374,
  0.009835788048803806,
  0.00958846602588892],
 [200,
  10,
  0.1,
  0.019399821758270264,
  0.019916489720344543,
  0.01839340291917324],
 [200, 10, 1, 1.0017815828323364, 1.0309953689575195, 1.0354279279708862],
 [200,
  11,
  0.01,
  0.010303983464837074,
  0.010970710776746273,
  0.01074401754885912],
 [200, 11, 0.1, 0.02017105557024479, 0.02101893164217472, 0.02003692090511322],
 [200, 11, 1, 1.004298448562622, 1.0339194536209106, 0.9959011673927307],
 [200,
  12,
  0.01,
  0.012239474803209305,
  0.012862698175013065,
  0.012552324682474136],
 [200,
  12,
  0.1,
  0.022015128284692764,
  0.022760724648833275,
  0.02222238853573799],
 [200, 12, 1, 0.9981710910797119, 1.0371687412261963, 1.0740851163864136],
 [200,
  13,
  0.01,
  0.0136275514960289,
  0.014402799308300018,
  0.013373969122767448],
 [200,
  13,
  0.1,
  0.02277735434472561,
  0.024917852133512497,
  0.025304298847913742],
 [200, 13, 1, 1.0008293390274048, 1.0467915534973145, 1.000394344329834],
 [200,
  14,
  0.01,
  0.015194127336144447,
  0.016706375405192375,
  0.015660149976611137],
 [200,
  14,
  0.1,
  0.025019677355885506,
  0.026519987732172012,
  0.02709667943418026],
 [200, 14, 1, 0.9991104602813721, 1.040433645248413, 1.089228868484497],
 [200,
  15,
  0.01,
  0.015928689390420914,
  0.017486967146396637,
  0.01688443496823311],
 [200,
  15,
  0.1,
  0.025289351120591164,
  0.027388468384742737,
  0.02677990309894085],
 [200, 15, 1, 0.9819052815437317, 1.0316776037216187, 0.9959871768951416],
 [200, 16, 0.01, 0.016736041754484177, 0.0178071279078722, 0.017210578545928],
 [200, 16, 0.1, 0.025728320702910423, 0.02869543619453907, 0.02745252288877964],
 [200, 16, 1, 1.0083491802215576, 1.0384125709533691, 1.0049712657928467],
 [200,
  17,
  0.01,
  0.016881771385669708,
  0.018518880009651184,
  0.017662644386291504],
 [200, 17, 0.1, 0.026356229558587074, 0.028551660478115082, 0.0274765994399786],
 [200, 17, 1, 0.9712492227554321, 1.0494036674499512, 1.0011533498764038],
 [200,
  18,
  0.01,
  0.01647816225886345,
  0.017612259835004807,
  0.016721175983548164],
 [200,
  18,
  0.1,
  0.026091372594237328,
  0.02837623655796051,
  0.027454640716314316],
 [200, 18, 1, 0.9726901054382324, 1.04624342918396, 0.9794843792915344],
 [200,
  19,
  0.01,
  0.016097253188490868,
  0.01833595335483551,
  0.016397152096033096],
 [200,
  19,
  0.1,
  0.025100506842136383,
  0.027815494686365128,
  0.025994347408413887],
 [200, 19, 1, 1.0071837902069092, 1.042710542678833, 0.9961033463478088],
 [200,
  20,
  0.01,
  0.015386378392577171,
  0.016794683411717415,
  0.015332657843828201],
 [200, 20, 0.1, 0.02459629252552986, 0.027909083291888237, 0.02578026056289673],
 [200, 20, 1, 1.009900689125061, 1.0512025356292725, 1.0484102964401245]]
