[[2, 0, 0.01, 0.2752501368522644, 0.7250442504882812, 0.5040529370307922],
 [2, 0, 0.1, 0.37434932589530945, 0.702171802520752, 0.5309447646141052],
 [2, 0, 1, 0.7902530431747437, 2.369798421859741, 1.5451406240463257],
 [2, 1, 0.01, 0.0005964812007732689, 2.3920340538024902, 0.8772121667861938],
 [2, 1, 0.1, 0.0008929720497690141, 2.0443806648254395, 0.7668375372886658],
 [2, 1, 1, 0.2456936091184616, 6.514029502868652, 1.9380555152893066],
 [2, 2, 0.01, 0.0002817233034875244, 2.515322685241699, 1.107688307762146],
 [2, 2, 0.1, 0.00032437153276987374, 2.509413242340088, 0.8967064023017883],
 [2, 2, 1, 0.03354598954319954, 10.347660064697266, 1.937864065170288],
 [2, 3, 0.01, 0.0006802877760492265, 1.9766147136688232, 0.7014216184616089],
 [2, 3, 0.1, 0.0011010890593752265, 2.177347183227539, 0.7513391971588135],
 [2, 3, 1, 0.04976094886660576, 15.90521240234375, 1.8943370580673218],
 [2, 4, 0.01, 5.57574639969971e-05, 1.9061332941055298, 0.6175795197486877],
 [2, 4, 0.1, 7.723629096290097e-06, 2.1903369426727295, 0.9145417213439941],
 [2, 4, 1, 0.006001182831823826, 11.6192626953125, 1.7865675687789917],
 [2, 5, 0.01, 0.00038439605850726366, 1.9113141298294067, 0.42591145634651184],
 [2, 5, 0.1, 0.00025051660486496985, 2.4129176139831543, 0.8973498344421387],
 [2, 5, 1, 0.010446117259562016, 12.898935317993164, 1.5888067483901978],
 [2, 6, 0.01, 0.0003906953788828105, 2.4912643432617188, 0.77400803565979],
 [2, 6, 0.1, 0.00032309137168340385, 1.6499459743499756, 0.4932114779949188],
 [2, 6, 1, 0.047090139240026474, 18.13019561767578, 1.6323198080062866],
 [2, 7, 0.01, 5.906471415073611e-05, 2.191434383392334, 0.838638424873352],
 [2, 7, 0.1, 0.00041103712283074856, 1.9577348232269287, 0.37835782766342163],
 [2, 7, 1, 0.0016503408551216125, 15.050743103027344, 1.369367241859436],
 [2, 8, 0.01, 0.00017970323096960783, 1.6284223794937134, 0.39588573575019836],
 [2, 8, 0.1, 9.111800318351015e-05, 1.6097522974014282, 0.39493969082832336],
 [2, 8, 1, 0.027196025475859642, 12.417326927185059, 1.4020366668701172],
 [2, 9, 0.01, 0.0002542963484302163, 1.8428285121917725, 0.5396125912666321],
 [2, 9, 0.1, 0.00048554831300862134, 1.2243362665176392, 0.3240184783935547],
 [2, 9, 1, 0.02032686211168766, 12.780856132507324, 1.3096929788589478],
 [2, 10, 0.01, 0.00030160622554831207, 1.5060999393463135, 0.39282768964767456],
 [2, 10, 0.1, 0.0005269706598483026, 1.513643741607666, 0.36186927556991577],
 [2, 10, 1, 0.00876916479319334, 13.892905235290527, 1.751676321029663],
 [2, 11, 0.01, 0.0003021892043761909, 1.1846694946289062, 0.28334715962409973],
 [2, 11, 0.1, 0.00020613253582268953, 1.5538396835327148, 0.4534919857978821],
 [2, 11, 1, 0.027611685916781425, 8.033576011657715, 1.3255717754364014],
 [2, 12, 0.01, 0.00035670457873493433, 1.6583290100097656, 0.32491302490234375],
 [2, 12, 0.1, 0.0005120569840073586, 1.391010046005249, 0.3129463791847229],
 [2, 12, 1, 0.05765010416507721, 11.778854370117188, 1.6392295360565186],
 [2, 13, 0.01, 0.00014172626833897084, 1.4033610820770264, 0.35742807388305664],
 [2, 13, 0.1, 0.00019892539421562105, 1.5856988430023193, 0.32561659812927246],
 [2, 13, 1, 0.018676675856113434, 11.121776580810547, 2.275178909301758],
 [2, 14, 0.01, 5.760315980296582e-05, 1.3933285474777222, 0.4207613468170166],
 [2, 14, 0.1, 0.001188838854432106, 1.5130678415298462, 0.31597191095352173],
 [2, 14, 1, 0.0025607089046388865, 13.652912139892578, 1.3489043712615967],
 [2, 15, 0.01, 0.00020485416462179273, 1.1632437705993652, 0.30327051877975464],
 [2, 15, 0.1, 0.0008265766082331538, 1.5561474561691284, 0.35948729515075684],
 [2, 15, 1, 0.02678331732749939, 12.532939910888672, 1.572590947151184],
 [2, 16, 0.01, 0.0002291089331265539, 1.5443332195281982, 0.43223071098327637],
 [2, 16, 0.1, 0.00043040173477493227, 1.4684165716171265, 0.37049806118011475],
 [2, 16, 1, 0.003492778167128563, 14.521533012390137, 1.3457330465316772],
 [2, 17, 0.01, 0.00019020757463295013, 1.5057216882705688, 0.4522065818309784],
 [2, 17, 0.1, 0.00013938990014139563, 1.36776864528656, 0.5017169713973999],
 [2, 17, 1, 0.005489277187734842, 10.29268741607666, 1.339353084564209],
 [2, 18, 0.01, 0.0002487470337655395, 1.719408392906189, 0.5113620162010193],
 [2, 18, 0.1, 0.0002601988962851465, 1.9889243841171265, 0.6601033806800842],
 [2, 18, 1, 0.002700762590393424, 15.283464431762695, 2.0967888832092285],
 [2, 19, 0.01, 0.0001516372722107917, 1.7622874975204468, 0.737331211566925],
 [2, 19, 0.1, 0.00034490873804315925, 1.6951593160629272, 0.5894300937652588],
 [2, 19, 1, 0.022817252203822136, 9.87167739868164, 2.052647829055786],
 [2, 20, 0.01, 0.0002497550449334085, 1.9261655807495117, 0.6897051334381104],
 [2, 20, 0.1, 0.0009859632700681686, 2.1558961868286133, 0.5918982625007629],
 [2, 20, 1, 0.036775268614292145, 17.598758697509766, 1.8986866474151611],
 [5, 0, 0.01, 0.4328133463859558, 0.6169833540916443, 0.5028596520423889],
 [5, 0, 0.1, 0.4023680090904236, 0.6505151987075806, 0.5146631598472595],
 [5, 0, 1, 1.059598445892334, 1.795931339263916, 1.624501347541809],
 [5, 1, 0.01, 0.23036818206310272, 1.1080384254455566, 0.5605660676956177],
 [5, 1, 0.1, 0.26595550775527954, 1.083593726158142, 0.5459421277046204],
 [5, 1, 1, 1.0246459245681763, 2.952127695083618, 1.6486254930496216],
 [5, 2, 0.01, 0.032524872571229935, 0.660859227180481, 0.1427631974220276],
 [5, 2, 0.1, 0.03932163864374161, 0.6395462155342102, 0.1510496437549591],
 [5, 2, 1, 0.5997377038002014, 3.8322277069091797, 1.5910707712173462],
 [5, 3, 0.01, 0.014364797621965408, 0.5265151858329773, 0.07477187365293503],
 [5, 3, 0.1, 0.020551631227135658, 0.5992932915687561, 0.0859222412109375],
 [5, 3, 1, 0.3937962055206299, 3.5434396266937256, 1.1714636087417603],
 [5, 4, 0.01, 0.017473384737968445, 0.4776094853878021, 0.14670059084892273],
 [5, 4, 0.1, 0.024493126198649406, 0.7424297332763672, 0.09233524650335312],
 [5, 4, 1, 0.44068968296051025, 3.8111929893493652, 1.1620041131973267],
 [5, 5, 0.01, 0.015145141631364822, 0.5094568729400635, 0.13480544090270996],
 [5, 5, 0.1, 0.020620591938495636, 0.68625807762146, 0.23711521923542023],
 [5, 5, 1, 0.3970049023628235, 3.444786310195923, 1.2087057828903198],
 [5, 6, 0.01, 0.0160186979919672, 0.6572601795196533, 0.1613602489233017],
 [5, 6, 0.1, 0.0158256646245718, 0.7977520823478699, 0.25080424547195435],
 [5, 6, 1, 0.3897864520549774, 4.059239387512207, 1.117490530014038],
 [5, 7, 0.01, 0.014146480709314346, 0.8458657264709473, 0.1854291409254074],
 [5, 7, 0.1, 0.021792061626911163, 0.6710808277130127, 0.2276236116886139],
 [5, 7, 1, 0.3856160640716553, 6.002953052520752, 1.265059471130371],
 [5, 8, 0.01, 0.01089592557400465, 0.8654906749725342, 0.2875145673751831],
 [5, 8, 0.1, 0.014958066865801811, 0.7920403480529785, 0.2333906590938568],
 [5, 8, 1, 0.25252583622932434, 4.068535327911377, 1.3692572116851807],
 [5, 9, 0.01, 0.011027953587472439, 0.9775546193122864, 0.3247756361961365],
 [5, 9, 0.1, 0.011574497446417809, 1.494879961013794, 0.27981314063072205],
 [5, 9, 1, 0.3574945330619812, 3.670358180999756, 1.0807312726974487],
 [5, 10, 0.01, 0.009299885481595993, 1.3959153890609741, 0.46040499210357666],
 [5, 10, 0.1, 0.016453005373477936, 1.0828783512115479, 0.32002338767051697],
 [5, 10, 1, 0.29322993755340576, 6.564940929412842, 1.914053201675415],
 [5, 11, 0.01, 0.008227210491895676, 1.1016558408737183, 0.35698190331459045],
 [5, 11, 0.1, 0.011045633815228939, 1.3311631679534912, 0.34056320786476135],
 [5, 11, 1, 0.3751709461212158, 8.201653480529785, 1.4935801029205322],
 [5, 12, 0.01, 0.009399582631886005, 1.1703834533691406, 0.36214375495910645],
 [5, 12, 0.1, 0.010152749717235565, 1.311854600906372, 0.467375248670578],
 [5, 12, 1, 0.28921374678611755, 9.24995231628418, 1.457330346107483],
 [5, 13, 0.01, 0.007360910996794701, 1.8904716968536377, 0.679284930229187],
 [5, 13, 0.1, 0.00938310194760561, 1.763748288154602, 0.4270416796207428],
 [5, 13, 1, 0.2794325649738312, 9.019369125366211, 1.2443183660507202],
 [5, 14, 0.01, 0.008459226228296757, 1.9416098594665527, 0.6732425689697266],
 [5, 14, 0.1, 0.01149765495210886, 1.3843878507614136, 0.4005376696586609],
 [5, 14, 1, 0.39984768629074097, 10.98225212097168, 1.6220301389694214],
 [5, 15, 0.01, 0.007436056155711412, 1.8421504497528076, 0.7163496613502502],
 [5, 15, 0.1, 0.014154434204101562, 1.7259868383407593, 0.5252260565757751],
 [5, 15, 1, 0.3851620554924011, 7.3951826095581055, 1.8804749250411987],
 [5, 16, 0.01, 0.007788022980093956, 1.8597716093063354, 0.5439596772193909],
 [5, 16, 0.1, 0.010244667530059814, 1.9668357372283936, 0.6949462294578552],
 [5, 16, 1, 0.29574403166770935, 7.435365200042725, 1.5484882593154907],
 [5, 17, 0.01, 0.008096917532384396, 1.3174138069152832, 0.4177815318107605],
 [5, 17, 0.1, 0.011568069458007812, 2.8639121055603027, 1.203214406967163],
 [5, 17, 1, 0.20785924792289734, 8.245946884155273, 1.3088185787200928],
 [5, 18, 0.01, 0.007739068474620581, 2.36222767829895, 0.9053404927253723],
 [5, 18, 0.1, 0.009368924424052238, 2.210745096206665, 0.8880398869514465],
 [5, 18, 1, 0.31554314494132996, 8.667776107788086, 1.8012248277664185],
 [5, 19, 0.01, 0.007491687312722206, 2.0922434329986572, 0.7371125221252441],
 [5, 19, 0.1, 0.012439928948879242, 1.8766063451766968, 0.7201033234596252],
 [5, 19, 1, 0.26519539952278137, 9.057404518127441, 1.2520747184753418],
 [5, 20, 0.01, 0.008538447320461273, 2.01002836227417, 0.5902127623558044],
 [5, 20, 0.1, 0.010220152325928211, 2.8848330974578857, 0.940862774848938],
 [5, 20, 1, 0.33222830295562744, 10.317152976989746, 2.30102276802063],
 [10, 0, 0.01, 0.4527469575405121, 0.54749596118927, 0.4975208044052124],
 [10, 0, 0.1, 0.48604607582092285, 0.5579702854156494, 0.4912872314453125],
 [10, 0, 1, 1.4114995002746582, 1.6348862648010254, 1.5412427186965942],
 [10, 1, 0.01, 0.4009782671928406, 0.6593464016914368, 0.5049745440483093],
 [10, 1, 0.1, 0.4015858471393585, 0.7593702673912048, 0.496430903673172],
 [10, 1, 1, 1.275240421295166, 1.924379825592041, 1.4365283250808716],
 [10, 2, 0.01, 0.040805164724588394, 0.09458320587873459, 0.054430875927209854],
 [10, 2, 0.1, 0.04160313308238983, 0.08593284338712692, 0.0583837516605854],
 [10, 2, 1, 0.6865771412849426, 1.4892784357070923, 1.111882209777832],
 [10, 3, 0.01, 0.029095660895109177, 0.08761263638734818, 0.0490049347281456],
 [10, 3, 0.1, 0.03348201513290405, 0.10950405895709991, 0.06020886078476906],
 [10, 3, 1, 0.7457058429718018, 1.6547008752822876, 1.0383245944976807],
 [10, 4, 0.01, 0.03373564034700394, 0.1398746371269226, 0.06731589883565903],
 [10, 4, 0.1, 0.03717111796140671, 0.1320684850215912, 0.08613460510969162],
 [10, 4, 1, 0.7996426224708557, 1.6023025512695312, 1.1542690992355347],
 [10, 5, 0.01, 0.03183353319764137, 0.2291688770055771, 0.09671352803707123],
 [10, 5, 0.1, 0.03566380962729454, 0.2896828055381775, 0.15892475843429565],
 [10, 5, 1, 0.7591994404792786, 2.0577824115753174, 1.1587830781936646],
 [10, 6, 0.01, 0.02976880967617035, 0.22154748439788818, 0.06757214665412903],
 [10, 6, 0.1, 0.036349084228277206, 0.2430679202079773, 0.09567040205001831],
 [10, 6, 1, 0.7317960262298584, 2.399958848953247, 1.0364360809326172],
 [10, 7, 0.01, 0.024220475926995277, 0.22412598133087158, 0.09618298709392548],
 [10, 7, 0.1, 0.029960613697767258, 0.3511640131473541, 0.13344180583953857],
 [10, 7, 1, 0.6617125868797302, 2.886214256286621, 1.0553537607192993],
 [10, 8, 0.01, 0.016539670526981354, 0.38140976428985596, 0.12203994393348694],
 [10, 8, 0.1, 0.023053206503391266, 0.40073639154434204, 0.14421716332435608],
 [10, 8, 1, 0.6724869608879089, 2.562609910964966, 1.2285339832305908],
 [10, 9, 0.01, 0.01431270968168974, 0.4366708993911743, 0.1481035053730011],
 [10, 9, 0.1, 0.019383395090699196, 0.3874621093273163, 0.10913082212209702],
 [10, 9, 1, 0.603121817111969, 2.915128231048584, 1.0879698991775513],
 [10, 10, 0.01, 0.011265917681157589, 0.7091171741485596, 0.1817941516637802],
 [10, 10, 0.1, 0.01756131462752819, 0.32793667912483215, 0.0776931643486023],
 [10, 10, 1, 0.6099380850791931, 3.081007719039917, 1.1662763357162476],
 [10, 11, 0.01, 0.012368408031761646, 0.6107903122901917, 0.1652238667011261],
 [10, 11, 0.1, 0.017761729657649994, 0.6052061319351196, 0.16634391248226166],
 [10, 11, 1, 0.5899943113327026, 3.2624261379241943, 1.1448391675949097],
 [10, 12, 0.01, 0.011528706178069115, 0.4591170847415924, 0.08410196751356125],
 [10, 12, 0.1, 0.017624668776988983, 0.7217421531677246, 0.18457826972007751],
 [10, 12, 1, 0.6418512463569641, 3.128523349761963, 1.1679445505142212],
 [10, 13, 0.01, 0.011256878264248371, 0.700833797454834, 0.1501931995153427],
 [10, 13, 0.1, 0.01726529747247696, 0.2751183807849884, 0.07145175337791443],
 [10, 13, 1, 0.5246667861938477, 3.9294562339782715, 1.2962027788162231],
 [10, 14, 0.01, 0.012175002135336399, 0.45629456639289856, 0.0635506883263588],
 [10, 14, 0.1, 0.019647521898150444, 0.5945333242416382, 0.12548334896564484],
 [10, 14, 1, 0.6027582287788391, 4.692574977874756, 1.1712225675582886],
 [10, 15, 0.01, 0.011752743273973465, 0.642945408821106, 0.10243086516857147],
 [10, 15, 0.1, 0.020146619528532028, 0.9269731640815735, 0.23277325928211212],
 [10, 15, 1, 0.5884059071540833, 2.873988628387451, 0.9273089170455933],
 [10, 16, 0.01, 0.011370965279638767, 1.086228370666504, 0.19258296489715576],
 [10, 16, 0.1, 0.018959766253829002, 0.442728728055954, 0.053437571972608566],
 [10, 16, 1, 0.6752495765686035, 4.002082824707031, 1.096494436264038],
 [10, 17, 0.01, 0.011613748967647552, 0.30990493297576904, 0.03427250310778618],
 [10, 17, 0.1, 0.018624989315867424, 0.5482363104820251, 0.08205621689558029],
 [10, 17, 1, 0.6639657020568848, 4.126799583435059, 1.0651309490203857],
 [10, 18, 0.01, 0.012750343419611454, 1.2131810188293457, 0.26884111762046814],
 [10, 18, 0.1, 0.01581733301281929, 1.204904556274414, 0.20677658915519714],
 [10, 18, 1, 0.6465367078781128, 3.861384630203247, 1.1364277601242065],
 [10, 19, 0.01, 0.01124458760023117, 0.8573518395423889, 0.11107830703258514],
 [10, 19, 0.1, 0.017249833792448044, 0.9300528168678284, 0.14624403417110443],
 [10, 19, 1, 0.5927326083183289, 3.9216949939727783, 1.1456507444381714],
 [10, 20, 0.01, 0.012132790870964527, 0.526293933391571, 0.04450487345457077],
 [10, 20, 0.1, 0.015199422836303711, 1.2291885614395142, 0.16438183188438416],
 [10, 20, 1, 0.555774450302124, 3.5712976455688477, 1.2444151639938354],
 [20, 0, 0.01, 0.48978039622306824, 0.5174738168716431, 0.5157487988471985],
 [20, 0, 0.1, 0.5018875002861023, 0.5381026268005371, 0.5302563309669495],
 [20, 0, 1, 1.4191162586212158, 1.586483120918274, 1.3955963850021362],
 [20, 1, 0.01, 0.4423280954360962, 0.5648407936096191, 0.491484135389328],
 [20, 1, 0.1, 0.47098883986473083, 0.5686165690422058, 0.5129437446594238],
 [20, 1, 1, 1.4368499517440796, 1.681418776512146, 1.4525947570800781],
 [20, 2, 0.01, 0.03863251581788063, 0.05064475163817406, 0.042514488101005554],
 [20, 2, 0.1, 0.047854386270046234, 0.06218838319182396, 0.053987741470336914],
 [20, 2, 1, 0.8693099021911621, 1.225039005279541, 1.037042498588562],
 [20, 3, 0.01, 0.033689890056848526, 0.06573513150215149, 0.051609791815280914],
 [20, 3, 0.1, 0.045260749757289886, 0.07267648726701736, 0.056057147681713104],
 [20, 3, 1, 0.865501344203949, 1.2089805603027344, 1.0360162258148193],
 [20, 4, 0.01, 0.046045832335948944, 0.08696341514587402, 0.06526954472064972],
 [20, 4, 0.1, 0.05322171375155449, 0.10015680640935898, 0.06945709884166718],
 [20, 4, 1, 0.8597133159637451, 1.2587097883224487, 0.9910332560539246],
 [20, 5, 0.01, 0.042373061180114746, 0.11314154416322708, 0.06451515853404999],
 [20, 5, 0.1, 0.050503507256507874, 0.10886448621749878, 0.07770750671625137],
 [20, 5, 1, 0.8731241822242737, 1.2543959617614746, 1.052622675895691],
 [20, 6, 0.01, 0.032281894236803055, 0.0951065719127655, 0.05057957395911217],
 [20, 6, 0.1, 0.042262423783540726, 0.10196790844202042, 0.06988780200481415],
 [20, 6, 1, 0.785204291343689, 1.2654392719268799, 1.0007028579711914],
 [20, 7, 0.01, 0.02380329556763172, 0.13918136060237885, 0.055702485144138336],
 [20, 7, 0.1, 0.033490441739559174, 0.1108793243765831, 0.05525306612253189],
 [20, 7, 1, 0.7956595420837402, 1.2846254110336304, 1.073476791381836],
 [20, 8, 0.01, 0.01734713837504387, 0.0365014523267746, 0.022264640778303146],
 [20, 8, 0.1, 0.02642521634697914, 0.06872706860303879, 0.04114101827144623],
 [20, 8, 1, 0.7934414744377136, 1.3161228895187378, 1.086724042892456],
 [20, 9, 0.01, 0.013989423401653767, 0.2089887410402298, 0.043837759643793106],
 [20, 9, 0.1, 0.020519917830824852, 0.20206065475940704, 0.04890281334519386],
 [20, 9, 1, 0.8762465715408325, 1.2876827716827393, 0.9717110395431519],
 [20,
  10,
  0.01,
  0.01122297253459692,
  0.026451008394360542,
  0.014545168727636337],
 [20, 10, 0.1, 0.019057679921388626, 0.12460252642631531, 0.02460273914039135],
 [20, 10, 1, 0.8418892621994019, 1.508198857307434, 0.9805110692977905],
 [20, 11, 0.01, 0.01163975615054369, 0.06044309213757515, 0.016078699380159378],
 [20, 11, 0.1, 0.018640704452991486, 0.03483878821134567, 0.023853696882724762],
 [20, 11, 1, 0.8044147491455078, 1.3201782703399658, 1.0403753519058228],
 [20,
  12,
  0.01,
  0.011613650247454643,
  0.10000941902399063,
  0.017565004527568817],
 [20, 12, 0.1, 0.017718397080898285, 0.10413230210542679, 0.02582206390798092],
 [20, 12, 1, 0.7807628512382507, 1.3971002101898193, 1.0171128511428833],
 [20,
  13,
  0.01,
  0.011845920234918594,
  0.02986007370054722,
  0.015783241018652916],
 [20, 13, 0.1, 0.020682070404291153, 0.04193340614438057, 0.026148369535803795],
 [20, 13, 1, 0.8111516833305359, 1.4573009014129639, 1.0182440280914307],
 [20, 14, 0.01, 0.0131307914853096, 0.031023822724819183, 0.01748429797589779],
 [20, 14, 0.1, 0.02197136916220188, 0.05307674780488014, 0.02875921130180359],
 [20, 14, 1, 0.776826798915863, 2.003545045852661, 1.0147203207015991],
 [20, 15, 0.01, 0.012791594490408897, 0.14718647301197052, 0.02134251967072487],
 [20, 15, 0.1, 0.02237662300467491, 0.19685064256191254, 0.029178472235798836],
 [20, 15, 1, 0.8173838257789612, 1.6078659296035767, 1.0351617336273193],
 [20,
  16,
  0.01,
  0.012881003320217133,
  0.10487637668848038,
  0.020674532279372215],
 [20, 16, 0.1, 0.022354520857334137, 0.2861118018627167, 0.041023943573236465],
 [20, 16, 1, 0.7304192185401917, 1.4930834770202637, 1.022161841392517],
 [20,
  17,
  0.01,
  0.013199560344219208,
  0.21733100712299347,
  0.023820457980036736],
 [20, 17, 0.1, 0.022951586171984673, 0.061482928693294525, 0.03292670100927353],
 [20, 17, 1, 0.7949058413505554, 1.4883674383163452, 0.9966793060302734],
 [20, 18, 0.01, 0.014781730249524117, 0.04584302380681038, 0.02632475458085537],
 [20, 18, 0.1, 0.02272023633122444, 0.10019019991159439, 0.030649883672595024],
 [20, 18, 1, 0.8325827121734619, 1.565232753753662, 1.0762461423873901],
 [20, 19, 0.01, 0.014191413298249245, 0.0553097240626812, 0.03300449252128601],
 [20, 19, 0.1, 0.020612727850675583, 0.10238997638225555, 0.03366321697831154],
 [20, 19, 1, 0.7577712535858154, 1.686886191368103, 1.0769346952438354],
 [20, 20, 0.01, 0.014214112423360348, 0.10640118271112442, 0.02734067477285862],
 [20, 20, 0.1, 0.021065540611743927, 0.1138286367058754, 0.03266981616616249],
 [20, 20, 1, 0.7727852463722229, 2.3190813064575195, 1.0036617517471313],
 [50, 0, 0.01, 0.5075587034225464, 0.5110173225402832, 0.4950829744338989],
 [50, 0, 0.1, 0.49339544773101807, 0.5193204283714294, 0.5126305222511292],
 [50, 0, 1, 1.4041130542755127, 1.5273457765579224, 1.5911623239517212],
 [50, 1, 0.01, 0.47916141152381897, 0.524560272693634, 0.5140419602394104],
 [50, 1, 0.1, 0.4966169595718384, 0.537326991558075, 0.5287332534790039],
 [50, 1, 1, 1.4586676359176636, 1.5720829963684082, 1.4758816957473755],
 [50, 2, 0.01, 0.03789188712835312, 0.04333529993891716, 0.04222807288169861],
 [50, 2, 0.1, 0.04770682379603386, 0.05392316356301308, 0.05228784307837486],
 [50, 2, 1, 0.9973806142807007, 1.1212319135665894, 1.010995864868164],
 [50, 3, 0.01, 0.04265343025326729, 0.05131536349654198, 0.04774608835577965],
 [50, 3, 0.1, 0.05458786338567734, 0.061790503561496735, 0.05287933349609375],
 [50, 3, 1, 0.9263066053390503, 1.1051658391952515, 1.0576825141906738],
 [50, 4, 0.01, 0.05375063046813011, 0.06361608952283859, 0.057733893394470215],
 [50, 4, 0.1, 0.060150157660245895, 0.07697039842605591, 0.07082635164260864],
 [50, 4, 1, 0.9912424683570862, 1.1231876611709595, 1.040808916091919],
 [50, 5, 0.01, 0.0468796007335186, 0.060697078704833984, 0.054959360510110855],
 [50, 5, 0.1, 0.05732610821723938, 0.06880231201648712, 0.06176449730992317],
 [50, 5, 1, 0.9839208126068115, 1.13106107711792, 1.0180386304855347],
 [50, 6, 0.01, 0.03437875583767891, 0.044919803738594055, 0.03910113498568535],
 [50, 6, 0.1, 0.044454336166381836, 0.05519180744886398, 0.05017457157373428],
 [50, 6, 1, 0.9868534207344055, 1.1349753141403198, 1.005082607269287],
 [50, 7, 0.01, 0.02307836525142193, 0.029032088816165924, 0.024546721950173378],
 [50, 7, 0.1, 0.032659731805324554, 0.0402945838868618, 0.0353054441511631],
 [50, 7, 1, 0.9047957062721252, 1.1153546571731567, 1.0328739881515503],
 [50, 8, 0.01, 0.015580888837575912, 0.019967513158917427, 0.01702948287129402],
 [50, 8, 0.1, 0.024447306990623474, 0.029397809877991676, 0.025632280856370926],
 [50, 8, 1, 0.9344101548194885, 1.1150805950164795, 0.984001874923706],
 [50, 9, 0.01, 0.01180552039295435, 0.014471259899437428, 0.012348401360213757],
 [50, 9, 0.1, 0.020590050145983696, 0.024652568623423576, 0.020834704861044884],
 [50, 9, 1, 0.9527398943901062, 1.1128617525100708, 0.9940319061279297],
 [50,
  10,
  0.01,
  0.010537441819906235,
  0.012629362754523754,
  0.011119268834590912],
 [50, 10, 0.1, 0.01934577152132988, 0.023792793974280357, 0.020970067009329796],
 [50, 10, 1, 0.906768798828125, 1.113073706626892, 1.0235294103622437],
 [50,
  11,
  0.01,
  0.010854401625692844,
  0.01399149652570486,
  0.012300519272685051],
 [50, 11, 0.1, 0.02144196256995201, 0.024438703432679176, 0.02288013882935047],
 [50, 11, 1, 0.9119910597801208, 1.1324540376663208, 1.0364887714385986],
 [50,
  12,
  0.01,
  0.012093966826796532,
  0.015598318539559841,
  0.013080890290439129],
 [50, 12, 0.1, 0.02116124890744686, 0.027378825470805168, 0.02463538385927677],
 [50, 12, 1, 0.9524552226066589, 1.1210129261016846, 0.9707590937614441],
 [50,
  13,
  0.01,
  0.014041746035218239,
  0.017968136817216873,
  0.014784972183406353],
 [50,
  13,
  0.1,
  0.023572178557515144,
  0.029587719589471817,
  0.027121033519506454],
 [50, 13, 1, 0.9419354200363159, 1.1368060111999512, 1.0302969217300415],
 [50,
  14,
  0.01,
  0.014544925652444363,
  0.02144695073366165,
  0.018516622483730316],
 [50,
  14,
  0.1,
  0.024040596559643745,
  0.030713140964508057,
  0.026851719245314598],
 [50, 14, 1, 0.9480489492416382, 1.1054081916809082, 1.1038278341293335],
 [50,
  15,
  0.01,
  0.015137490816414356,
  0.023289024829864502,
  0.01777608133852482],
 [50, 15, 0.1, 0.024991769343614578, 0.03396880254149437, 0.026897327974438667],
 [50, 15, 1, 0.9088262915611267, 1.1140713691711426, 1.0457390546798706],
 [50,
  16,
  0.01,
  0.016430001705884933,
  0.027584699913859367,
  0.021106133237481117],
 [50, 16, 0.1, 0.0247148796916008, 0.04279996454715729, 0.030759505927562714],
 [50, 16, 1, 0.9692557454109192, 1.1027626991271973, 1.0628464221954346],
 [50,
  17,
  0.01,
  0.016341879963874817,
  0.027551792562007904,
  0.021411489695310593],
 [50, 17, 0.1, 0.025573506951332092, 0.03930790722370148, 0.03164294362068176],
 [50, 17, 1, 0.9317430853843689, 1.1743779182434082, 1.011229395866394],
 [50,
  18,
  0.01,
  0.016896480694413185,
  0.02600145898759365,
  0.020519206300377846],
 [50,
  18,
  0.1,
  0.025883164256811142,
  0.039899908006191254,
  0.030094241723418236],
 [50, 18, 1, 0.8921568393707275, 1.158450961112976, 1.0560040473937988],
 [50, 19, 0.01, 0.01627953350543976, 0.02876211889088154, 0.019938943907618523],
 [50, 19, 0.1, 0.024842236191034317, 0.044211238622665405, 0.02960374392569065],
 [50, 19, 1, 0.9095675945281982, 1.1410521268844604, 1.0191211700439453],
 [50,
  20,
  0.01,
  0.016043437644839287,
  0.030780170112848282,
  0.020089374855160713],
 [50, 20, 0.1, 0.02504645846784115, 0.047089412808418274, 0.030906936153769493],
 [50, 20, 1, 0.9156931042671204, 1.1697465181350708, 1.0129343271255493],
 [100, 0, 0.01, 0.49649471044540405, 0.5022953152656555, 0.5034691691398621],
 [100, 0, 0.1, 0.503644585609436, 0.516040563583374, 0.5190285444259644],
 [100, 0, 1, 1.5150384902954102, 1.5102497339248657, 1.5162867307662964],
 [100, 1, 0.01, 0.4872925877571106, 0.5104925036430359, 0.4933529496192932],
 [100, 1, 0.1, 0.5055885910987854, 0.5191121697425842, 0.5101605653762817],
 [100, 1, 1, 1.5430688858032227, 1.5280483961105347, 1.5558737516403198],
 [100, 2, 0.01, 0.03983898460865021, 0.04219386726617813, 0.040430933237075806],
 [100, 2, 0.1, 0.04865535721182823, 0.05186138302087784, 0.05288020893931389],
 [100, 2, 1, 1.0022815465927124, 1.0860309600830078, 0.9966606497764587],
 [100,
  3,
  0.01,
  0.045118071138858795,
  0.048037875443696976,
  0.044210392981767654],
 [100, 3, 0.1, 0.052852563560009, 0.05907557159662247, 0.05505634471774101],
 [100, 3, 1, 1.0280981063842773, 1.0702847242355347, 1.0449882745742798],
 [100, 4, 0.01, 0.055326204746961594, 0.05958092585206032, 0.05617814511060715],
 [100, 4, 0.1, 0.0638197809457779, 0.06926843523979187, 0.06708424538373947],
 [100, 4, 1, 1.0102459192276, 1.0929332971572876, 1.0679209232330322],
 [100, 5, 0.01, 0.04819323867559433, 0.056438323110342026, 0.05215878412127495],
 [100, 5, 0.1, 0.05845868960022926, 0.0642402246594429, 0.061623431742191315],
 [100, 5, 1, 0.9797150492668152, 1.090823769569397, 1.0035440921783447],
 [100, 6, 0.01, 0.0350777730345726, 0.03795832023024559, 0.03733185678720474],
 [100, 6, 0.1, 0.04442233592271805, 0.049605682492256165, 0.04966046288609505],
 [100, 6, 1, 1.0208816528320312, 1.070457935333252, 1.0442185401916504],
 [100, 7, 0.01, 0.02220693789422512, 0.02395440638065338, 0.023422492668032646],
 [100, 7, 0.1, 0.032510172575712204, 0.03657326102256775, 0.03628162294626236],
 [100, 7, 1, 0.9677902460098267, 1.0784603357315063, 1.015548586845398],
 [100,
  8,
  0.01,
  0.015236979350447655,
  0.01562431175261736,
  0.014589895494282246],
 [100, 8, 0.1, 0.02454470656812191, 0.02680758200585842, 0.024698320776224136],
 [100, 8, 1, 0.9442615509033203, 1.063815951347351, 1.0339515209197998],
 [100, 9, 0.01, 0.01139914058148861, 0.01214668434113264, 0.011522725224494934],
 [100,
  9,
  0.1,
  0.021014705300331116,
  0.022402958944439888,
  0.021147863939404488],
 [100, 9, 1, 0.972008466720581, 1.0558278560638428, 1.0333384275436401],
 [100,
  10,
  0.01,
  0.010661098174750805,
  0.011618371121585369,
  0.011191350407898426],
 [100,
  10,
  0.1,
  0.020899735391139984,
  0.02193850837647915,
  0.020204398781061172],
 [100, 10, 1, 0.9145863056182861, 1.065159559249878, 1.0387897491455078],
 [100,
  11,
  0.01,
  0.0117439404129982,
  0.012768655084073544,
  0.011870421469211578],
 [100, 11, 0.1, 0.021098170429468155, 0.0231813732534647, 0.021924033761024475],
 [100, 11, 1, 0.9672644138336182, 1.0567423105239868, 1.019251823425293],
 [100,
  12,
  0.01,
  0.013174766674637794,
  0.014714203774929047,
  0.013715842738747597],
 [100, 12, 0.1, 0.02193903736770153, 0.024968920275568962, 0.02392667718231678],
 [100, 12, 1, 0.970904529094696, 1.0520275831222534, 1.0725136995315552],
 [100,
  13,
  0.01,
  0.014164813794195652,
  0.016978032886981964,
  0.015919441357254982],
 [100,
  13,
  0.1,
  0.023908110335469246,
  0.027700873091816902,
  0.024316001683473587],
 [100, 13, 1, 0.9688083529472351, 1.0635124444961548, 1.0205215215682983],
 [100,
  14,
  0.01,
  0.015847008675336838,
  0.018538443371653557,
  0.016550863161683083],
 [100, 14, 0.1, 0.02579173818230629, 0.02873643860220909, 0.026614995673298836],
 [100, 14, 1, 1.026041030883789, 1.0649751424789429, 1.021990180015564],
 [100,
  15,
  0.01,
  0.016682712361216545,
  0.01985808089375496,
  0.018290109932422638],
 [100,
  15,
  0.1,
  0.026350343599915504,
  0.030421195551753044,
  0.02737417072057724],
 [100, 15, 1, 0.9898173809051514, 1.0675448179244995, 1.0163908004760742],
 [100,
  16,
  0.01,
  0.01720348373055458,
  0.021206820383667946,
  0.019637711346149445],
 [100, 16, 0.1, 0.02666519582271576, 0.03204730898141861, 0.029432471841573715],
 [100, 16, 1, 0.9906742572784424, 1.069044828414917, 1.0092487335205078],
 [100,
  17,
  0.01,
  0.017687741667032242,
  0.02056647464632988,
  0.01836642622947693],
 [100, 17, 0.1, 0.02767481841146946, 0.03329046070575714, 0.028090650215744972],
 [100, 17, 1, 0.9765406250953674, 1.071846604347229, 1.03452730178833],
 [100,
  18,
  0.01,
  0.017230423167347908,
  0.02413957193493843,
  0.018771259114146233],
 [100, 18, 0.1, 0.026352880522608757, 0.0329805351793766, 0.029826359823346138],
 [100, 18, 1, 0.9443119168281555, 1.072736382484436, 1.010714054107666],
 [100,
  19,
  0.01,
  0.01702316850423813,
  0.02366139180958271,
  0.019420070573687553],
 [100, 19, 0.1, 0.027225585654377937, 0.0313134603202343, 0.028450889512896538],
 [100, 19, 1, 0.9690400958061218, 1.0696265697479248, 0.9513233304023743],
 [100,
  20,
  0.01,
  0.016426825895905495,
  0.020953016355633736,
  0.018084444105625153],
 [100,
  20,
  0.1,
  0.02544420212507248,
  0.029157400131225586,
  0.025639591738581657],
 [100, 20, 1, 0.9703944325447083, 1.0583170652389526, 1.0298552513122559],
 [200, 0, 0.01, 0.5090693831443787, 0.5026534795761108, 0.49650198221206665],
 [200, 0, 0.1, 0.5032997727394104, 0.5119602680206299, 0.5067691206932068],
 [200, 0, 1, 1.5149344205856323, 1.5034499168395996, 1.5251820087432861],
 [200, 1, 0.01, 0.4964939057826996, 0.505735456943512, 0.4876996576786041],
 [200, 1, 0.1, 0.5046162605285645, 0.5156826376914978, 0.5008365511894226],
 [200, 1, 1, 1.5131022930145264, 1.5161269903182983, 1.5059658288955688],
 [200, 2, 0.01, 0.03964536264538765, 0.04079466313123703, 0.03991226479411125],
 [200, 2, 0.1, 0.049501363188028336, 0.05091073364019394, 0.04977577179670334],
 [200, 2, 1, 1.013303279876709, 1.049204707145691, 1.0722250938415527],
 [200, 3, 0.01, 0.0432128868997097, 0.04875651001930237, 0.04520346224308014],
 [200, 3, 0.1, 0.05522381141781807, 0.05765704810619354, 0.05573232099413872],
 [200, 3, 1, 1.0207464694976807, 1.0648585557937622, 1.0692903995513916],
 [200, 4, 0.01, 0.05587746202945709, 0.05856446921825409, 0.05805454030632973],
 [200, 4, 0.1, 0.0643070861697197, 0.0679708793759346, 0.0677231103181839],
 [200, 4, 1, 1.0583817958831787, 1.0732935667037964, 1.0071766376495361],
 [200, 5, 0.01, 0.04922807216644287, 0.053641051054000854, 0.04777655377984047],
 [200, 5, 0.1, 0.059162501245737076, 0.06237611174583435, 0.0613761804997921],
 [200, 5, 1, 1.02632737159729, 1.0788302421569824, 1.110012412071228],
 [200, 6, 0.01, 0.035405874252319336, 0.03659133240580559, 0.03558051213622093],
 [200, 6, 0.1, 0.0455804318189621, 0.04741109907627106, 0.04570939764380455],
 [200, 6, 1, 1.0048267841339111, 1.0658605098724365, 1.0418448448181152],
 [200,
  7,
  0.01,
  0.022679157555103302,
  0.023926658555865288,
  0.023499606177210808],
 [200, 7, 0.1, 0.032277632504701614, 0.034249529242515564, 0.03389757126569748],
 [200, 7, 1, 1.0035744905471802, 1.057352066040039, 0.9562535285949707],
 [200,
  8,
  0.01,
  0.014742591418325901,
  0.01535326149314642,
  0.014704200439155102],
 [200,
  8,
  0.1,
  0.024172000586986542,
  0.025277113541960716,
  0.024949640035629272],
 [200, 8, 1, 0.9847157001495361, 1.0200703144073486, 1.0419511795043945],
 [200,
  9,
  0.01,
  0.011442125774919987,
  0.011838490143418312,
  0.011388319544494152],
 [200,
  9,
  0.1,
  0.020714106038212776,
  0.021912328898906708,
  0.022166479378938675],
 [200, 9, 1, 0.9703560471534729, 1.0338648557662964, 0.9989388585090637],
 [200,
  10,
  0.01,
  0.010963864624500275,
  0.011271611787378788,
  0.011341582983732224],
 [200, 10, 0.1, 0.02020949311554432, 0.021514875814318657, 0.02013854682445526],
 [200, 10, 1, 0.9846867322921753, 1.0315732955932617, 1.0271860361099243],
 [200,
  11,
  0.01,
  0.012025300413370132,
  0.012510104104876518,
  0.012347604148089886],
 [200,
  11,
  0.1,
  0.02166985720396042,
  0.022698070853948593,
  0.021906433627009392],
 [200, 11, 1, 0.9789093732833862, 1.0299144983291626, 1.0472222566604614],
 [200,
  12,
  0.01,
  0.013623620383441448,
  0.01421933900564909,
  0.013548796065151691],
 [200, 12, 0.1, 0.02334028296172619, 0.02418205700814724, 0.025057749822735786],
 [200, 12, 1, 0.9944904446601868, 1.0277291536331177, 0.9789754152297974],
 [200,
  13,
  0.01,
  0.01475620735436678,
  0.016084756702184677,
  0.015340221114456654],
 [200,
  13,
  0.1,
  0.024902349337935448,
  0.025618484243750572,
  0.024850329384207726],
 [200, 13, 1, 1.0122182369232178, 1.032989501953125, 1.0194098949432373],
 [200,
  14,
  0.01,
  0.016416942700743675,
  0.0174222644418478,
  0.016812751069664955],
 [200,
  14,
  0.1,
  0.026185672730207443,
  0.027993526309728622,
  0.026801733300089836],
 [200, 14, 1, 1.0170859098434448, 1.0478893518447876, 1.0710349082946777],
 [200,
  15,
  0.01,
  0.01694960705935955,
  0.01865115575492382,
  0.016933701932430267],
 [200, 15, 0.1, 0.0264067891985178, 0.02922935225069523, 0.02859284169971943],
 [200, 15, 1, 1.0164061784744263, 1.046558141708374, 0.9931036829948425],
 [200,
  16,
  0.01,
  0.0177256241440773,
  0.018990369513630867,
  0.017766302451491356],
 [200,
  16,
  0.1,
  0.026979804039001465,
  0.029415423050522804,
  0.02856113761663437],
 [200, 16, 1, 0.9943095445632935, 1.0380512475967407, 0.9858561754226685],
 [200,
  17,
  0.01,
  0.017831167206168175,
  0.019682858139276505,
  0.018469583243131638],
 [200,
  17,
  0.1,
  0.02776287868618965,
  0.029905760660767555,
  0.029548868536949158],
 [200, 17, 1, 0.9947553277015686, 1.0512704849243164, 1.0379599332809448],
 [200,
  18,
  0.01,
  0.017681721597909927,
  0.019307393580675125,
  0.01818537339568138],
 [200,
  18,
  0.1,
  0.02781018242239952,
  0.029969096183776855,
  0.029132990166544914],
 [200, 18, 1, 0.9932073950767517, 1.0464756488800049, 0.9766509532928467],
 [200,
  19,
  0.01,
  0.017176859080791473,
  0.019920896738767624,
  0.01797468774020672],
 [200,
  19,
  0.1,
  0.026524512097239494,
  0.028365733101963997,
  0.027048621326684952],
 [200, 19, 1, 0.9863879680633545, 1.0433918237686157, 0.953886091709137],
 [200,
  20,
  0.01,
  0.01641705632209778,
  0.01841926760971546,
  0.017669007182121277],
 [200,
  20,
  0.1,
  0.026307780295610428,
  0.027822310104966164,
  0.02666143886744976],
 [200, 20, 1, 1.0165801048278809, 1.0421323776245117, 0.9939063191413879]]
