[[2, 0, 0.01, 0.28126415610313416, 0.7749007940292358, 0.5198056101799011],
 [2, 0, 0.1, 0.2324751317501068, 0.8694366216659546, 0.5057942867279053],
 [2, 0, 1, 0.767057478427887, 2.53135347366333, 1.4897233247756958],
 [2, 1, 0.01, 0.0010659834370017052, 1.6626503467559814, 0.7009573578834534],
 [2, 1, 0.1, 0.0005379517679102719, 2.5199460983276367, 1.1577402353286743],
 [2, 1, 1, 0.02302503027021885, 6.734186172485352, 1.8649919033050537],
 [2, 2, 0.01, 0.00012124611384933814, 2.465292453765869, 0.9539692401885986],
 [2, 2, 0.1, 0.0007303155725821853, 2.0840959548950195, 0.7429695129394531],
 [2, 2, 1, 0.003671573707833886, 6.045892238616943, 1.6717841625213623],
 [2, 3, 0.01, 1.5903497114777565e-06, 1.8643068075180054, 0.6359732747077942],
 [2, 3, 0.1, 0.00034144148230552673, 1.9894169569015503, 0.8056924343109131],
 [2, 3, 1, 0.009961835108697414, 9.706291198730469, 1.5974594354629517],
 [2, 4, 0.01, 0.00032642600126564503, 2.202697277069092, 0.7052821516990662],
 [2, 4, 0.1, 0.00017617452249396592, 2.433734655380249, 0.7853525876998901],
 [2, 4, 1, 0.022458219900727272, 17.574243545532227, 1.4606444835662842],
 [2, 5, 0.01, 9.032069647219032e-05, 2.114392042160034, 0.8181084394454956],
 [2, 5, 0.1, 0.00012511954992078245, 2.2853894233703613, 0.5621375441551208],
 [2, 5, 1, 0.001354697160422802, 13.439050674438477, 1.3410875797271729],
 [2, 6, 0.01, 0.00024811160983517766, 1.9473463296890259, 0.5407445430755615],
 [2, 6, 0.1, 0.0001239905395777896, 1.8302363157272339, 0.5576930642127991],
 [2, 6, 1, 0.016009517014026642, 18.92127799987793, 1.9689828157424927],
 [2, 7, 0.01, 0.0002267068048240617, 1.2476643323898315, 0.3152879476547241],
 [2, 7, 0.1, 0.00016474543372169137, 1.4209743738174438, 0.3844873011112213],
 [2, 7, 1, 0.022559404373168945, 12.406481742858887, 1.7014156579971313],
 [2, 8, 0.01, 0.00023513619089499116, 1.6538165807724, 0.4783467650413513],
 [2, 8, 0.1, 0.00020625167235266417, 1.6318392753601074, 0.34780484437942505],
 [2, 8, 1, 0.02232598140835762, 8.502845764160156, 1.3003262281417847],
 [2, 9, 0.01, 0.0002566144394222647, 1.1655784845352173, 0.36388328671455383],
 [2, 9, 0.1, 0.00014915259089320898, 1.7718123197555542, 0.3009243309497833],
 [2, 9, 1, 0.00018417477258481085, 6.746833324432373, 1.608378529548645],
 [2, 10, 0.01, 2.0608683826139895e-07, 1.530930995941162, 0.3467760682106018],
 [2, 10, 0.1, 0.0012665657559409738, 1.4307677745819092, 0.32549965381622314],
 [2, 10, 1, 0.05277499556541443, 21.68096923828125, 1.6437288522720337],
 [2, 11, 0.01, -3.854778697132133e-05, 1.540239691734314, 0.3932494819164276],
 [2, 11, 0.1, 0.0012748928274959326, 1.6806981563568115, 0.34639012813568115],
 [2, 11, 1, 0.0524856261909008, 20.25083351135254, 1.4715770483016968],
 [2, 12, 0.01, 8.103808795567602e-05, 1.3296916484832764, 0.303348183631897],
 [2, 12, 0.1, 0.001009670551866293, 1.8143017292022705, 0.27642107009887695],
 [2, 12, 1, 0.016868621110916138, 20.504188537597656, 1.6236605644226074],
 [2, 13, 0.01, -7.773925608489662e-05, 1.4727153778076172, 0.4531502425670624],
 [2, 13, 0.1, 9.908408537739888e-05, 1.810072660446167, 0.3445102274417877],
 [2, 13, 1, 0.014241469092667103, 18.872753143310547, 1.3736209869384766],
 [2, 14, 0.01, 0.00017252031830139458, 1.4234182834625244, 0.36360660195350647],
 [2, 14, 0.1, 0.0010429780231788754, 1.4606117010116577, 0.41368940472602844],
 [2, 14, 1, 0.010499391704797745, 9.103804588317871, 1.7362760305404663],
 [2, 15, 0.01, 0.00021508846839424223, 1.3964818716049194, 0.3038823902606964],
 [2, 15, 0.1, 0.0010096884798258543, 1.513871192932129, 0.4147],
 [2, 15, 1, 0.03818877786397934, 17.883222579956055, 1.6926077604293823],
 [2, 16, 0.01, 0.00037077569868415594, 1.4112228155136108, 0.41455623507499695],
 [2, 16, 0.1, 0.00010945566464215517, 1.8145203590393066, 0.4872],
 [2, 16, 1, 0.09667966514825821, 14.600440979003906, 1.9229],
 [2, 17, 0.01, 8.163900929503143e-06, 1.5383408069610596, 0.7711666822433472],
 [2, 17, 0.1, 6.219377246452495e-05, 1.8213493824005127, 0.3768405020236969],
 [2, 17, 1, 0.016458917409181595, 9.036633491516113, 1.5927343368530273],
 [2, 18, 0.01, 0.00043704899144358933, 1.5422104597091675, 0.48173683881759644],
 [2, 18, 0.1, 0.0008532654028385878, 1.5844613313674927, 0.5302754640579224],
 [2, 18, 1, 0.04623562842607498, 16.33354377746582, 1.6524],
 [2, 19, 0.01, 9.753817721502855e-05, 1.5049816370010376, 0.57879239320755],
 [2, 19, 0.1, 0.0007503933156840503, 1.4302070140838623, 0.5359553694725037],
 [2, 19, 1, 0.0011387935373932123, 13.880037307739258, 2.228059768676758],
 [2, 20, 0.01, -1.9471528503345326e-05, 1.6335831880569458, 0.6214426159858704],
 [2, 20, 0.1, 0.0012179999612271786, 1.997591495513916, 0.6404849886894226],
 [2, 20, 1, 0.04236161708831787, 13.5233793258667, 1.671932339668274],
 [5, 0, 0.01, 0.42253485321998596, 0.6202533841133118, 0.507062554359436],
 [5, 0, 0.1, 0.45888790488243103, 0.6038436889648438, 0.4968886971473694],
 [5, 0, 1, 1.1106481552124023, 1.9655629396438599, 1.485260009765625],
 [5, 1, 0.01, 0.2634282410144806, 1.21705961227417, 0.578718900680542],
 [5, 1, 0.1, 0.30754372477531433, 1.0179864168167114, 0.5295181274414062],
 [5, 1, 1, 1.0182929039001465, 3.271604061126709, 1.5996359586715698],
 [5, 2, 0.01, 0.027725687250494957, 0.4627721905708313, 0.12794454395771027],
 [5, 2, 0.1, 0.03218458592891693, 0.5967121124267578, 0.15884168446063995],
 [5, 2, 1, 0.5698315501213074, 2.8658194541931152, 1.396414875984192],
 [5, 3, 0.01, 0.019324064254760742, 0.32981377840042114, 0.06805136799812317],
 [5, 3, 0.1, 0.017199981957674026, 0.38396042585372925, 0.07059881836175919],
 [5, 3, 1, 0.42755818367004395, 2.129650115966797, 1.0572234392166138],
 [5, 4, 0.01, 0.017204219475388527, 0.42151543498039246, 0.08830107003450394],
 [5, 4, 0.1, 0.02239980734884739, 0.5339159369468689, 0.08880098909139633],
 [5, 4, 1, 0.4305833578109741, 3.1509017944335938, 1.1709294319152832],
 [5, 5, 0.01, 0.010754064656794071, 0.5906528830528259, 0.1274280995130539],
 [5, 5, 0.1, 0.016749141737818718, 0.6881685853004456, 0.15334570407867432],
 [5, 5, 1, 0.45918476581573486, 3.5595898628234863, 1.2050052881240845],
 [5, 6, 0.01, 0.015143465250730515, 0.9430776834487915, 0.11822478473186493],
 [5, 6, 0.1, 0.02328408509492874, 0.8760619163513184, 0.15134002268314362],
 [5, 6, 1, 0.336788535118103, 3.292870283126831, 1.1769756078720093],
 [5, 7, 0.01, 0.014164485968649387, 1.006239414215088, 0.12497805804014206],
 [5, 7, 0.1, 0.014481459744274616, 1.059063196182251, 0.1481788605451584],
 [5, 7, 1, 0.35628342628479004, 4.708985328674316, 1.2553818225860596],
 [5, 8, 0.01, 0.009844883345067501, 1.1454567909240723, 0.32693421840667725],
 [5, 8, 0.1, 0.014654730446636677, 0.9186955094337463, 0.19664862751960754],
 [5, 8, 1, 0.4714013636112213, 6.855588436126709, 1.4510470628738403],
 [5, 9, 0.01, 0.010212239809334278, 1.0640909671783447, 0.334907203912735],
 [5, 9, 0.1, 0.012483357451856136, 1.2439594268798828, 0.48801901936531067],
 [5, 9, 1, 0.41215595602989197, 3.9348948001861572, 1.1110730171203613],
 [5, 10, 0.01, 0.009232228621840477, 1.0909929275512695, 0.33074429631233215],
 [5, 10, 0.1, 0.013694977387785912, 0.9175305366516113, 0.2679588794708252],
 [5, 10, 1, 0.39293089509010315, 7.118751049041748, 1.3431916236877441],
 [5, 11, 0.01, 0.007977130822837353, 1.3092690706253052, 0.34176430106163025],
 [5, 11, 0.1, 0.012756351381540298, 1.222225546836853, 0.3043946325778961],
 [5, 11, 1, 0.38697710633277893, 11.9585542678833, 2.1570725440979004],
 [5, 12, 0.01, 0.008789308369159698, 0.8791370987892151, 0.24636013805866241],
 [5, 12, 0.1, 0.010721896775066853, 1.494359016418457, 0.4104110896587372],
 [5, 12, 1, 0.34526893496513367, 6.949465751647949, 1.2430146932601929],
 [5, 13, 0.01, 0.00731494789943099, 1.252878189086914, 0.3015420734882355],
 [5, 13, 0.1, 0.009454546496272087, 1.696478009223938, 0.5352694392204285],
 [5, 13, 1, 0.3696354329586029, 4.7896013259887695, 1.2258126735687256],
 [5, 14, 0.01, 0.008474898524582386, 2.074272394180298, 0.8955301642417908],
 [5, 14, 0.1, 0.010636501014232635, 2.1030776500701904, 0.718092143535614],
 [5, 14, 1, 0.3090362250804901, 8.95737075805664, 1.6522339582443237],
 [5, 15, 0.01, 0.008206023834645748, 1.7270087003707886, 0.6201774477958679],
 [5, 15, 0.1, 0.009730514138936996, 2.0082411766052246, 0.7453137040138245],
 [5, 15, 1, 0.406517893075943, 10.942378997802734, 1.2800132036209106],
 [5, 16, 0.01, 0.0062072426080703735, 1.4787787199020386, 0.4216991364955902],
 [5, 16, 0.1, 0.012559113092720509, 2.1682894229888916, 0.7698298692703247],
 [5, 16, 1, 0.3296132981777191, 9.256078720092773, 2.489231586456299],
 [5, 17, 0.01, 0.006673816591501236, 2.517387628555298, 0.9379643201828003],
 [5, 17, 0.1, 0.013042050413787365, 1.6467219591140747, 0.6645695567131042],
 [5, 17, 1, 0.31949472427368164, 12.280417442321777, 2.6667234897613525],
 [5, 18, 0.01, 0.0072561753913760185, 2.1884427070617676, 0.810469925403595],
 [5, 18, 0.1, 0.015838926658034325, 2.055373191833496, 0.746793270111084],
 [5, 18, 1, 0.346408486366272, 8.899874687194824, 1.596301555633545],
 [5, 19, 0.01, 0.007197011262178421, 3.707770586013794, 1.5971168279647827],
 [5, 19, 0.1, 0.009685113094747066, 3.522958993911743, 1.4522515535354614],
 [5, 19, 1, 0.30456286668777466, 15.011296272277832, 3.0190017223358154],
 [5, 20, 0.01, 0.0076865642331540585, 1.464956521987915, 0.3113100826740265],
 [5, 20, 0.1, 0.009195037186145782, 3.494503974914551, 1.6149482727050781],
 [5, 20, 1, 0.32968658208847046, 6.813773155212402, 1.118662714958191],
 [10, 0, 0.01, 0.47983336448669434, 0.5576061010360718, 0.5100600123405457],
 [10, 0, 0.1, 0.5133569836616516, 0.565150260925293, 0.4995318651199341],
 [10, 0, 1, 1.2944467067718506, 1.6439261436462402, 1.4997831583023071],
 [10, 1, 0.01, 0.3658207654953003, 0.7024850249290466, 0.4962054491043091],
 [10, 1, 0.1, 0.40510013699531555, 0.7230284810066223, 0.5278396606445312],
 [10, 1, 1, 1.2218862771987915, 2.0127618312835693, 1.5176533460617065],
 [10, 2, 0.01, 0.033198293298482895, 0.15197061002254486, 0.05246901884675026],
 [10, 2, 0.1, 0.043857425451278687, 0.1616796851158142, 0.06854962557554245],
 [10, 2, 1, 0.7933347225189209, 1.5274627208709717, 1.0854604244232178],
 [10, 3, 0.01, 0.029965080320835114, 0.09764066338539124, 0.048411861062049866],
 [10, 3, 0.1, 0.031153762713074684, 0.10851174592971802, 0.05597879737615585],
 [10, 3, 1, 0.7077085971832275, 1.5361310243606567, 1.0732073783874512],
 [10, 4, 0.01, 0.035634636878967285, 0.17502477765083313, 0.0746208131313324],
 [10, 4, 0.1, 0.032290685921907425, 0.2897290885448456, 0.08936396986246109],
 [10, 4, 1, 0.6764460206031799, 1.7451541423797607, 1.094197392463684],
 [10, 5, 0.01, 0.031637370586395264, 0.2891328036785126, 0.12446955591440201],
 [10, 5, 0.1, 0.0380304679274559, 0.22329486906528473, 0.09298248589038849],
 [10, 5, 1, 0.6997970342636108, 1.7100600004196167, 1.1463664770126343],
 [10, 6, 0.01, 0.02687215246260166, 0.3438134789466858, 0.13827988505363464],
 [10, 6, 0.1, 0.03639334440231323, 0.23751376569271088, 0.0932590514421463],
 [10, 6, 1, 0.5524589419364929, 1.900307297706604, 1.2346428632736206],
 [10, 7, 0.01, 0.02204190194606781, 0.2941555380821228, 0.10351629555225372],
 [10, 7, 0.1, 0.026527777314186096, 0.34684252738952637, 0.12748299539089203],
 [10, 7, 1, 0.6070594191551208, 1.6405208110809326, 1.0484282970428467],
 [10, 8, 0.01, 0.017928283661603928, 0.1760096549987793, 0.05818283557891846],
 [10, 8, 0.1, 0.023304929956793785, 0.30522671341896057, 0.10297663509845734],
 [10, 8, 1, 0.5938960313796997, 1.6684274673461914, 1.0175422430038452],
 [10, 9, 0.01, 0.013927685096859932, 0.3896220326423645, 0.10001800209283829],
 [10, 9, 0.1, 0.019531741738319397, 0.380646288394928, 0.10955468565225601],
 [10, 9, 1, 0.6879056692123413, 2.1887173652648926, 1.1308380365371704],
 [10, 10, 0.01, 0.01263559702783823, 0.5127895474433899, 0.16900713741779327],
 [10, 10, 0.1, 0.016476579010486603, 0.9916409850120544, 0.3171970248222351],
 [10, 10, 1, 0.7430649399757385, 3.1788148880004883, 1.1965500116348267],
 [10, 11, 0.01, 0.012695064768195152, 0.7534939050674438, 0.22716544568538666],
 [10, 11, 0.1, 0.016372350975871086, 0.6288301944732666, 0.1510922908782959],
 [10, 11, 1, 0.5715416073799133, 3.8888213634490967, 1.115080714225769],
 [10, 12, 0.01, 0.011878191493451595, 0.32948917150497437, 0.08128717541694641],
 [10, 12, 0.1, 0.020628223195672035, 0.47859132289886475, 0.12004169821739197],
 [10, 12, 1, 0.6300415992736816, 2.7688839435577393, 1.0642719268798828],
 [10, 13, 0.01, 0.009101280942559242, 0.5657892823219299, 0.10030559450387955],
 [10, 13, 0.1, 0.016022758558392525, 0.80925452709198, 0.12402237951755524],
 [10, 13, 1, 0.5904516577720642, 3.11019229888916, 1.1326279640197754],
 [10, 14, 0.01, 0.010920579545199871, 0.509032130241394, 0.0796288400888443],
 [10, 14, 0.1, 0.019557485356926918, 0.5995778441429138, 0.08795074373483658],
 [10, 14, 1, 0.6385305523872375, 3.253173589706421, 1.0513781309127808],
 [10, 15, 0.01, 0.011893796734511852, 0.46686413884162903, 0.08269260823726654],
 [10, 15, 0.1, 0.016965268179774284, 1.519929051399231, 0.43959948420524597],
 [10, 15, 1, 0.6535972356796265, 2.9718031883239746, 1.0800635814666748],
 [10, 16, 0.01, 0.010489026084542274, 0.896690845489502, 0.1258789300918579],
 [10, 16, 0.1, 0.01915537379682064, 0.5809587240219116, 0.07823804020881653],
 [10, 16, 1, 0.5555962920188904, 2.9083244800567627, 1.0492260456085205],
 [10, 17, 0.01, 0.00975194200873375, 0.6493251919746399, 0.0786774754524231],
 [10, 17, 0.1, 0.018092459067702293, 1.1018152236938477, 0.11654059588909149],
 [10, 17, 1, 0.6883302330970764, 3.7548165321350098, 1.201122522354126],
 [10, 18, 0.01, 0.011801425367593765, 1.0764822959899902, 0.16240571439266205],
 [10, 18, 0.1, 0.017512314021587372, 1.2326741218566895, 0.29909417033195496],
 [10, 18, 1, 0.6912506818771362, 3.4266040325164795, 1.0419682264328003],
 [10, 19, 0.01, 0.010690830647945404, 1.1724740266799927, 0.15991994738578796],
 [10, 19, 0.1, 0.018687166273593903, 0.6614076495170593, 0.08899548649787903],
 [10, 19, 1, 0.6147158145904541, 4.580517768859863, 1.1470611095428467],
 [10, 20, 0.01, 0.010707615874707699, 0.8694682121276855, 0.12105514109134674],
 [10, 20, 0.1, 0.018437089398503304, 1.0087040662765503, 0.20301392674446106],
 [10, 20, 1, 0.5837156176567078, 5.320113658905029, 1.2886197566986084],
 [20, 0, 0.01, 0.5055895447731018, 0.5255987048149109, 0.5000866055488586],
 [20, 0, 0.1, 0.47647038102149963, 0.5338032245635986, 0.5072701573371887],
 [20, 0, 1, 1.4257512092590332, 1.5682356357574463, 1.4346693754196167],
 [20, 1, 0.01, 0.45329079031944275, 0.5695174932479858, 0.49266964197158813],
 [20, 1, 0.1, 0.4499216377735138, 0.5920844078063965, 0.5417482256889343],
 [20, 1, 1, 1.2006852626800537, 1.7189396619796753, 1.470287799835205],
 [20, 2, 0.01, 0.03632890805602074, 0.05150190740823746, 0.04209771379828453],
 [20, 2, 0.1, 0.041740644723176956, 0.06698594987392426, 0.051831863820552826],
 [20, 2, 1, 0.932131290435791, 1.2619779109954834, 1.024159550666809],
 [20, 3, 0.01, 0.034349776804447174, 0.06215570867061615, 0.05380626022815704],
 [20, 3, 0.1, 0.04622434079647064, 0.07022416591644287, 0.05694711208343506],
 [20, 3, 1, 0.831829309463501, 1.2098884582519531, 1.058154582977295],
 [20, 4, 0.01, 0.04638399928808212, 0.09956768900156021, 0.05659664049744606],
 [20, 4, 0.1, 0.057839855551719666, 0.09443897008895874, 0.07164233177900314],
 [20, 4, 1, 0.8701149821281433, 1.2507878541946411, 1.0964300632476807],
 [20, 5, 0.01, 0.03951743245124817, 0.12851974368095398, 0.07388172298669815],
 [20, 5, 0.1, 0.05036114156246185, 0.14559407532215118, 0.08170955628156662],
 [20, 5, 1, 0.9682672023773193, 1.2871273756027222, 1.0760618448257446],
 [20, 6, 0.01, 0.03257674723863602, 0.08160191774368286, 0.04910613223910332],
 [20, 6, 0.1, 0.040007516741752625, 0.09038161486387253, 0.06763690710067749],
 [20, 6, 1, 0.8185509443283081, 1.431567668914795, 0.9747216701507568],
 [20, 7, 0.01, 0.02231305092573166, 0.15196195244789124, 0.059167105704545975],
 [20, 7, 0.1, 0.029686372727155685, 0.09290194511413574, 0.04438523203134537],
 [20, 7, 1, 0.8092344403266907, 1.2905158996582031, 1.020719289779663],
 [20, 8, 0.01, 0.017211008816957474, 0.16969230771064758, 0.05293311923742294],
 [20, 8, 0.1, 0.024971824139356613, 0.10989394038915634, 0.043711867183446884],
 [20, 8, 1, 0.8844298720359802, 1.2769865989685059, 1.0259110927581787],
 [20, 9, 0.01, 0.013004874810576439, 0.13206496834754944, 0.03409343585371971],
 [20, 9, 0.1, 0.020954078063368797, 0.22509711980819702, 0.054739922285079956],
 [20, 9, 1, 0.82770836353302, 1.2440961599349976, 1.0175126791000366],
 [20,
  10,
  0.01,
  0.010402839630842209,
  0.08051872253417969,
  0.015839915722608566],
 [20, 10, 0.1, 0.017750930041074753, 0.0965866968035698, 0.02389417216181755],
 [20, 10, 1, 0.8436154723167419, 1.3243881464004517, 1.0147725343704224],
 [20,
  11,
  0.01,
  0.009954753331840038,
  0.07160095125436783,
  0.015542570501565933],
 [20, 11, 0.1, 0.018240956589579582, 0.04400693252682686, 0.02283407934010029],
 [20, 11, 1, 0.8425764441490173, 1.2908803224563599, 1.0514042377471924],
 [20,
  12,
  0.01,
  0.010616857558488846,
  0.04236390441656113,
  0.014322792179882526],
 [20, 12, 0.1, 0.0184056106954813, 0.03889777883887291, 0.024633625522255898],
 [20, 12, 1, 0.8209497928619385, 1.4024447202682495, 0.9708302021026611],
 [20,
  13,
  0.01,
  0.010994905605912209,
  0.07680337131023407,
  0.016144374385476112],
 [20, 13, 0.1, 0.019673578441143036, 0.11715775728225708, 0.028928834944963455],
 [20, 13, 1, 0.799044132232666, 1.5891480445861816, 1.0005356073379517],
 [20,
  14,
  0.01,
  0.013670503161847591,
  0.16538900136947632,
  0.028602445498108864],
 [20, 14, 0.1, 0.020634125918149948, 0.04369119554758072, 0.028318727388978004],
 [20, 14, 1, 0.7447383403778076, 1.579229474067688, 0.9750356078147888],
 [20,
  15,
  0.01,
  0.012039490975439548,
  0.05365470051765442,
  0.019245248287916183],
 [20, 15, 0.1, 0.02005177177488804, 0.05353254824876785, 0.030113661661744118],
 [20, 15, 1, 0.7972472310066223, 1.7230644226074219, 1.0216740369796753],
 [20,
  16,
  0.01,
  0.013076543807983398,
  0.05232100933790207,
  0.019618963822722435],
 [20, 16, 0.1, 0.021484293043613434, 0.1725538969039917, 0.029859120026230812],
 [20, 16, 1, 0.7575024962425232, 1.6497787237167358, 1.0552784204483032],
 [20,
  17,
  0.01,
  0.013890601694583893,
  0.17975397408008575,
  0.022626804187893867],
 [20, 17, 0.1, 0.02124619670212269, 0.2563006281852722, 0.03454980626702309],
 [20, 17, 1, 0.7628938555717468, 1.496688961982727, 1.0112946033477783],
 [20, 18, 0.01, 0.013930674642324448, 0.0883222222328186, 0.023090293630957603],
 [20, 18, 0.1, 0.021644316613674164, 0.44924986362457275, 0.04006204381585121],
 [20, 18, 1, 0.7875769734382629, 1.5192222595214844, 1.0241315364837646],
 [20, 19, 0.01, 0.013868916779756546, 0.07492008805274963, 0.02597024105489254],
 [20, 19, 0.1, 0.0227450393140316, 0.09706060588359833, 0.03216679021716118],
 [20, 19, 1, 0.7441637516021729, 1.9654967784881592, 1.0985130071640015],
 [20, 20, 0.01, 0.012533247470855713, 0.08150090277194977, 0.03491774573922157],
 [20, 20, 0.1, 0.021234842017292976, 0.07438505440950394, 0.03444606065750122],
 [20, 20, 1, 0.7631540894508362, 1.5503803491592407, 1.0276310443878174],
 [50, 0, 0.01, 0.48594558238983154, 0.5114433765411377, 0.491283655166626],
 [50, 0, 0.1, 0.5077052116394043, 0.5209565162658691, 0.5075222849845886],
 [50, 0, 1, 1.505151391029358, 1.521979808807373, 1.4494646787643433],
 [50, 1, 0.01, 0.47333255410194397, 0.5290691256523132, 0.5044257044792175],
 [50, 1, 0.1, 0.49951866269111633, 0.5357475876808167, 0.5181275606155396],
 [50, 1, 1, 1.426745891571045, 1.5701980590820312, 1.5878456830978394],
 [50, 2, 0.01, 0.036603521555662155, 0.041502341628074646, 0.03912356123328209],
 [50, 2, 0.1, 0.0448543056845665, 0.051556359976530075, 0.049549635499715805],
 [50, 2, 1, 0.9418729543685913, 1.1043378114700317, 1.0157194137573242],
 [50, 3, 0.01, 0.043107107281684875, 0.05044880509376526, 0.04853200539946556],
 [50, 3, 0.1, 0.053959693759679794, 0.061259061098098755, 0.05505675822496414],
 [50, 3, 1, 0.9634952545166016, 1.1189918518066406, 1.0157334804534912],
 [50, 4, 0.01, 0.05009858310222626, 0.06401755660772324, 0.05900945886969566],
 [50, 4, 0.1, 0.060552481561899185, 0.07448378950357437, 0.06588774174451828],
 [50, 4, 1, 0.9572961330413818, 1.1226452589035034, 1.0095051527023315],
 [50, 5, 0.01, 0.046860042959451675, 0.06158876791596413, 0.055542025715112686],
 [50, 5, 0.1, 0.0555846206843853, 0.06995627284049988, 0.0629439428448677],
 [50, 5, 1, 0.9875659942626953, 1.1315208673477173, 1.036365032196045],
 [50, 6, 0.01, 0.035004593431949615, 0.049576908349990845, 0.03671024739742279],
 [50, 6, 0.1, 0.04418308287858963, 0.05705289915204048, 0.04743393883109093],
 [50, 6, 1, 0.9520068168640137, 1.1304852962493896, 1.017756700515747],
 [50, 7, 0.01, 0.0224441047757864, 0.026995627209544182, 0.024530062451958656],
 [50, 7, 0.1, 0.03261033445596695, 0.04054906964302063, 0.03671123832464218],
 [50, 7, 1, 1.0206373929977417, 1.0955085754394531, 1.0706660747528076],
 [50,
  8,
  0.01,
  0.014484385028481483,
  0.019174683839082718,
  0.015472251921892166],
 [50, 8, 0.1, 0.02390032820403576, 0.03144565224647522, 0.02557491511106491],
 [50, 8, 1, 0.8972448706626892, 1.098066806793213, 0.950650155544281],
 [50,
  9,
  0.01,
  0.010398644022643566,
  0.012291129678487778,
  0.010414224117994308],
 [50, 9, 0.1, 0.020752863958477974, 0.02481670118868351, 0.021497832611203194],
 [50, 9, 1, 0.9518721699714661, 1.096840262413025, 1.0718014240264893],
 [50,
  10,
  0.01,
  0.009966617450118065,
  0.012311304919421673,
  0.010761559940874577],
 [50, 10, 0.1, 0.018744254484772682, 0.023103142157197, 0.021361567080020905],
 [50, 10, 1, 0.9223132133483887, 1.121967077255249, 1.0470013618469238],
 [50,
  11,
  0.01,
  0.01057568471878767,
  0.013384997844696045,
  0.012026185169816017],
 [50, 11, 0.1, 0.01906740479171276, 0.023801803588867188, 0.02131699025630951],
 [50, 11, 1, 0.9179757833480835, 1.1192399263381958, 1.0368515253067017],
 [50,
  12,
  0.01,
  0.01219633687287569,
  0.014941371977329254,
  0.012938462197780609],
 [50,
  12,
  0.1,
  0.020787551999092102,
  0.025926660746335983,
  0.023645401000976562],
 [50, 12, 1, 0.9231714010238647, 1.143572449684143, 0.9589324593544006],
 [50,
  13,
  0.01,
  0.012506658211350441,
  0.01922312192618847,
  0.014737166464328766],
 [50, 13, 0.1, 0.022871483117341995, 0.02782750315964222, 0.024800453335046768],
 [50, 13, 1, 0.904860258102417, 1.1389046907424927, 1.0113017559051514],
 [50,
  14,
  0.01,
  0.01391572691500187,
  0.021462557837367058,
  0.016446273773908615],
 [50, 14, 0.1, 0.023273834958672523, 0.03259069100022316, 0.026457782834768295],
 [50, 14, 1, 0.887982189655304, 1.1146224737167358, 0.9848312735557556],
 [50, 15, 0.01, 0.014748276211321354, 0.02263517677783966, 0.018674211576581],
 [50, 15, 0.1, 0.024167876690626144, 0.0349482037127018, 0.028708230704069138],
 [50, 15, 1, 0.9551840424537659, 1.1505740880966187, 1.0180565118789673],
 [50, 16, 0.01, 0.014945426024496555, 0.02604847215116024, 0.020710539072752],
 [50, 16, 0.1, 0.02442256733775139, 0.03623608499765396, 0.03033718280494213],
 [50, 16, 1, 0.9021865725517273, 1.1104429960250854, 1.0195022821426392],
 [50,
  17,
  0.01,
  0.016727084293961525,
  0.025579392910003662,
  0.019838379696011543],
 [50, 17, 0.1, 0.025033405050635338, 0.03712639957666397, 0.032716963440179825],
 [50, 17, 1, 0.8939236998558044, 1.1150046586990356, 1.007097840309143],
 [50,
  18,
  0.01,
  0.01578119583427906,
  0.030546069145202637,
  0.022292377427220345],
 [50, 18, 0.1, 0.02483806386590004, 0.03608820214867592, 0.03052503429353237],
 [50, 18, 1, 0.9335117936134338, 1.1914949417114258, 1.0816329717636108],
 [50,
  19,
  0.01,
  0.016064761206507683,
  0.029293887317180634,
  0.019161347299814224],
 [50,
  19,
  0.1,
  0.025883348658680916,
  0.044148143380880356,
  0.033739760518074036],
 [50, 19, 1, 0.8976434469223022, 1.1476526260375977, 1.0665392875671387],
 [50,
  20,
  0.01,
  0.015693938359618187,
  0.025246459990739822,
  0.019162066280841827],
 [50, 20, 0.1, 0.024382099509239197, 0.04053204879164696, 0.030748246237635612],
 [50, 20, 1, 0.9360961318016052, 1.183692216873169, 1.020851731300354],
 [100, 0, 0.01, 0.4991333484649658, 0.504821240901947, 0.5045470595359802],
 [100, 0, 0.1, 0.5097274780273438, 0.5174389481544495, 0.5056112408638],
 [100, 0, 1, 1.4779493808746338, 1.5189458131790161, 1.5100816488265991],
 [100, 1, 0.01, 0.49013751745224, 0.5127052068710327, 0.5069980025291443],
 [100, 1, 0.1, 0.5059369802474976, 0.5191236734390259, 0.5029245615005493],
 [100, 1, 1, 1.4666246175765991, 1.526564598083496, 1.575709581375122],
 [100, 2, 0.01, 0.03802426531910896, 0.04043714702129364, 0.03774884343147278],
 [100, 2, 0.1, 0.047535285353660583, 0.04992016404867172, 0.04889579117298126],
 [100, 2, 1, 1.023660659790039, 1.0655444860458374, 1.008432388305664],
 [100, 3, 0.01, 0.04386262595653534, 0.04842760041356087, 0.046537693589925766],
 [100, 3, 0.1, 0.0549863763153553, 0.058047521859407425, 0.05834062770009041],
 [100, 3, 1, 0.9923068284988403, 1.0775425434112549, 0.9449182748794556],
 [100, 4, 0.01, 0.05353714898228645, 0.05984802544116974, 0.055408429354429245],
 [100, 4, 0.1, 0.06335911899805069, 0.06928378343582153, 0.06964941322803497],
 [100, 4, 1, 1.0239425897598267, 1.0966205596923828, 1.0043834447860718],
 [100, 5, 0.01, 0.04935477674007416, 0.05310877412557602, 0.0504533126950264],
 [100, 5, 0.1, 0.0575905479490757, 0.06406594067811966, 0.05858705937862396],
 [100, 5, 1, 1.0219566822052002, 1.0971723794937134, 1.0000871419906616],
 [100, 6, 0.01, 0.03459056094288826, 0.039380546659231186, 0.03768300637602806],
 [100, 6, 0.1, 0.044394902884960175, 0.04771383851766586, 0.046871576458215714],
 [100, 6, 1, 1.0080692768096924, 1.0869603157043457, 1.03919517993927],
 [100,
  7,
  0.01,
  0.02132992260158062,
  0.023384304717183113,
  0.022503525018692017],
 [100, 7, 0.1, 0.03186986595392227, 0.035801179707050323, 0.03295523300766945],
 [100, 7, 1, 0.9952356815338135, 1.0694407224655151, 0.9676533341407776],
 [100,
  8,
  0.01,
  0.014011536724865437,
  0.014989652670919895,
  0.014463751576840878],
 [100, 8, 0.1, 0.02388223446905613, 0.02499259077012539, 0.023117227479815483],
 [100, 8, 1, 0.9872146844863892, 1.0596938133239746, 0.9476426839828491],
 [100,
  9,
  0.01,
  0.010995851829648018,
  0.011498765088617802,
  0.010908150114119053],
 [100,
  9,
  0.1,
  0.020419863983988762,
  0.021952927112579346,
  0.021266350522637367],
 [100, 9, 1, 0.9532418251037598, 1.0617543458938599, 0.9901609420776367],
 [100,
  10,
  0.01,
  0.009943971410393715,
  0.0109633207321167,
  0.010255834087729454],
 [100,
  10,
  0.1,
  0.019554097205400467,
  0.021077796816825867,
  0.019960513338446617],
 [100, 10, 1, 0.9564477801322937, 1.0682445764541626, 0.9426474571228027],
 [100,
  11,
  0.01,
  0.010907561518251896,
  0.01197634357959032,
  0.011659554205834866],
 [100, 11, 0.1, 0.019938567653298378, 0.02266598865389824, 0.02126789279282093],
 [100, 11, 1, 0.9905818700790405, 1.0499801635742188, 1.020715355873108],
 [100,
  12,
  0.01,
  0.012142066843807697,
  0.01407682802528143,
  0.013065159320831299],
 [100,
  12,
  0.1,
  0.022039156407117844,
  0.024091172963380814,
  0.022469710558652878],
 [100, 12, 1, 0.978543758392334, 1.057755947113037, 1.0312166213989258],
 [100,
  13,
  0.01,
  0.013811804354190826,
  0.01655752584338188,
  0.015245914459228516],
 [100, 13, 0.1, 0.0232315082103014, 0.026607796549797058, 0.024830108508467674],
 [100, 13, 1, 1.0050948858261108, 1.0505685806274414, 1.0100188255310059],
 [100,
  14,
  0.01,
  0.014978243038058281,
  0.017760979011654854,
  0.017167605459690094],
 [100,
  14,
  0.1,
  0.024709241464734077,
  0.027538757771253586,
  0.026997264474630356],
 [100, 14, 1, 0.9619119763374329, 1.0537855625152588, 1.0154755115509033],
 [100,
  15,
  0.01,
  0.016029108315706253,
  0.01905023865401745,
  0.017658380791544914],
 [100,
  15,
  0.1,
  0.024647962301969528,
  0.030850684270262718,
  0.028462126851081848],
 [100, 15, 1, 0.9721830487251282, 1.0681706666946411, 1.0252151489257812],
 [100,
  16,
  0.01,
  0.017112653702497482,
  0.020067382603883743,
  0.018145550042390823],
 [100,
  16,
  0.1,
  0.025993933901190758,
  0.029736077412962914,
  0.028264924883842468],
 [100, 16, 1, 0.9533587098121643, 1.0697816610336304, 1.0386186838150024],
 [100,
  17,
  0.01,
  0.016742564737796783,
  0.022309165447950363,
  0.019215721637010574],
 [100, 17, 0.1, 0.026747599244117737, 0.03138704597949982, 0.02743743173778057],
 [100, 17, 1, 0.9575582146644592, 1.0585819482803345, 0.9986792802810669],
 [100,
  18,
  0.01,
  0.016649551689624786,
  0.021193010732531548,
  0.018402788788080215],
 [100, 18, 0.1, 0.02672339417040348, 0.03088691085577011, 0.029461737722158432],
 [100, 18, 1, 0.9630706906318665, 1.0725849866867065, 0.9878438115119934],
 [100,
  19,
  0.01,
  0.016419216990470886,
  0.018534183502197266,
  0.01742650754749775],
 [100,
  19,
  0.1,
  0.025379566475749016,
  0.030610758811235428,
  0.026503296568989754],
 [100, 19, 1, 0.9522467255592346, 1.065050721168518, 1.0324941873550415],
 [100,
  20,
  0.01,
  0.015937669202685356,
  0.018806220963597298,
  0.016887279227375984],
 [100,
  20,
  0.1,
  0.024919826537370682,
  0.03011598065495491,
  0.025481050834059715],
 [100, 20, 1, 0.948547899723053, 1.0845178365707397, 0.9731812477111816],
 [200, 0, 0.01, 0.5012437701225281, 0.5065450072288513, 0.49942827224731445],
 [200, 0, 0.1, 0.5067563056945801, 0.5167269706726074, 0.5026305913925171],
 [200, 0, 1, 1.5019288063049316, 1.5029751062393188, 1.5993647575378418],
 [200, 1, 0.01, 0.4964337944984436, 0.5075717568397522, 0.4881124198436737],
 [200, 1, 0.1, 0.5085927844047546, 0.5184215307235718, 0.5079176425933838],
 [200, 1, 1, 1.5010522603988647, 1.503957986831665, 1.4484190940856934],
 [200, 2, 0.01, 0.03819414973258972, 0.03908853605389595, 0.03710036724805832],
 [200, 2, 0.1, 0.04832303896546364, 0.04947011545300484, 0.04678397253155708],
 [200, 2, 1, 1.0210033655166626, 1.0587486028671265, 1.0334432125091553],
 [200, 3, 0.01, 0.04596865549683571, 0.04688458889722824, 0.04754244163632393],
 [200, 3, 0.1, 0.05469633266329765, 0.05704011023044586, 0.05342865735292435],
 [200, 3, 1, 1.0482416152954102, 1.066954493522644, 1.0145132541656494],
 [200, 4, 0.01, 0.05437232181429863, 0.05766837298870087, 0.05302142724394798],
 [200, 4, 0.1, 0.06445584446191788, 0.06745540350675583, 0.06495989114046097],
 [200, 4, 1, 1.0268808603286743, 1.0597461462020874, 1.0756456851959229],
 [200, 5, 0.01, 0.04934839904308319, 0.05122419446706772, 0.048248667269945145],
 [200, 5, 0.1, 0.05844150483608246, 0.06153538078069687, 0.059457797557115555],
 [200, 5, 1, 1.0271896123886108, 1.0555171966552734, 1.0283920764923096],
 [200,
  6,
  0.01,
  0.034140389412641525,
  0.035226065665483475,
  0.03277592733502388],
 [200, 6, 0.1, 0.04390902817249298, 0.04511997848749161, 0.042470645159482956],
 [200, 6, 1, 1.00519859790802, 1.0576295852661133, 1.0067013502120972],
 [200,
  7,
  0.01,
  0.021380672231316566,
  0.022290972992777824,
  0.02167811430990696],
 [200, 7, 0.1, 0.03158041462302208, 0.03320202976465225, 0.03107062727212906],
 [200, 7, 1, 1.0211834907531738, 1.0404839515686035, 0.9768807291984558],
 [200,
  8,
  0.01,
  0.013784864917397499,
  0.014346824958920479,
  0.013978008180856705],
 [200, 8, 0.1, 0.02358854003250599, 0.024603690952062607, 0.02547522820532322],
 [200, 8, 1, 0.9999585747718811, 1.0371489524841309, 1.0164076089859009],
 [200,
  9,
  0.01,
  0.010465290397405624,
  0.010853090323507786,
  0.010879596695303917],
 [200, 9, 0.1, 0.02003394067287445, 0.02105504274368286, 0.021323930472135544],
 [200, 9, 1, 0.9776554703712463, 1.0291215181350708, 1.005854606628418],
 [200,
  10,
  0.01,
  0.010223068296909332,
  0.010684105567634106,
  0.01046680472791195],
 [200,
  10,
  0.1,
  0.019838275387883186,
  0.020554276183247566,
  0.020082369446754456],
 [200, 10, 1, 1.0044832229614258, 1.0465484857559204, 1.0664530992507935],
 [200,
  11,
  0.01,
  0.011011399328708649,
  0.011692900210618973,
  0.011877518147230148],
 [200,
  11,
  0.1,
  0.021219715476036072,
  0.021887633949518204,
  0.020915944129228592],
 [200, 11, 1, 1.0044491291046143, 1.0435781478881836, 1.0280325412750244],
 [200,
  12,
  0.01,
  0.01265389658510685,
  0.013807965442538261,
  0.013086219318211079],
 [200, 12, 0.1, 0.022385980933904648, 0.02351253665983677, 0.02244131825864315],
 [200, 12, 1, 1.002211570739746, 1.0350606441497803, 0.9491737484931946],
 [200,
  13,
  0.01,
  0.014448242262005806,
  0.015388497151434422,
  0.014806944876909256],
 [200,
  13,
  0.1,
  0.02391560561954975,
  0.025793230161070824,
  0.026151206344366074],
 [200, 13, 1, 0.9919583201408386, 1.0461783409118652, 0.9856355786323547],
 [200,
  14,
  0.01,
  0.016130246222019196,
  0.016771284863352776,
  0.01617327891290188],
 [200,
  14,
  0.1,
  0.024842415004968643,
  0.027144230902194977,
  0.027686240151524544],
 [200, 14, 1, 0.979184627532959, 1.036920189857483, 1.08194899559021],
 [200,
  15,
  0.01,
  0.016922658309340477,
  0.018065141513943672,
  0.01713116094470024],
 [200, 15, 0.1, 0.02653985656797886, 0.02789125218987465, 0.026116343215107918],
 [200, 15, 1, 1.0206348896026611, 1.0410362482070923, 0.9533545970916748],
 [200,
  16,
  0.01,
  0.017190521582961082,
  0.01871812529861927,
  0.018024178221821785],
 [200,
  16,
  0.1,
  0.026623530313372612,
  0.029039977118372917,
  0.027863651514053345],
 [200, 16, 1, 1.0044474601745605, 1.0403170585632324, 1.056099534034729],
 [200,
  17,
  0.01,
  0.01757141388952732,
  0.01874794065952301,
  0.017520088702440262],
 [200, 17, 0.1, 0.026905223727226257, 0.02897731214761734, 0.02804890275001526],
 [200, 17, 1, 1.0038347244262695, 1.0495740175247192, 1.0432254076004028],
 [200,
  18,
  0.01,
  0.017013968899846077,
  0.01820874772965908,
  0.016803881153464317],
 [200, 18, 0.1, 0.02665415033698082, 0.02878863550722599, 0.027538932859897614],
 [200, 18, 1, 1.0109734535217285, 1.0438308715820312, 1.012208104133606],
 [200,
  19,
  0.01,
  0.016737356781959534,
  0.018308524042367935,
  0.016454080119729042],
 [200,
  19,
  0.1,
  0.026067547500133514,
  0.027969278395175934,
  0.026140594854950905],
 [200, 19, 1, 0.9979485273361206, 1.050676703453064, 0.9245864748954773],
 [200,
  20,
  0.01,
  0.015928752720355988,
  0.017011351883411407,
  0.01661396026611328],
 [200,
  20,
  0.1,
  0.025356914848089218,
  0.026600653305649757,
  0.025508247315883636],
 [200, 20, 1, 0.9696524739265442, 1.046492099761963, 1.00631844997406]]
