[[2, 0, 0.01, 0.23722690343856812, 0.7920154333114624, 0.4930838942527771],
 [2, 0, 0.1, 0.19806250929832458, 0.8298563361167908, 0.51566481590271],
 [2, 0, 1, 0.7068946361541748, 2.0409672260284424, 1.5096244812011719],
 [2, 1, 0.01, 0.00031001452589407563, 2.0571744441986084, 0.6914486289024353],
 [2, 1, 0.1, 0.0006613928126171231, 2.3538429737091064, 0.8529754877090454],
 [2, 1, 1, 0.03239595144987106, 8.0386381149292, 1.579828143119812],
 [2, 2, 0.01, 1.214115854963893e-05, 2.4038209915161133, 0.7717404961585999],
 [2, 2, 0.1, 0.0009518425795249641, 2.6475777626037598, 1.0022084712982178],
 [2, 2, 1, 0.0070732817985117435, 12.44902229309082, 1.8897254467010498],
 [2, 3, 0.01, 4.4018132030032575e-05, 2.4263885021209717, 0.8576679825782776],
 [2, 3, 0.1, 0.0004051721771247685, 2.5662004947662354, 0.8250039219856262],
 [2, 3, 1, 0.024134701117873192, 8.59669303894043, 1.550660490989685],
 [2, 4, 0.01, 0.00029685685876756907, 2.5812087059020996, 1.1197561025619507],
 [2, 4, 0.1, 0.0018733383622020483, 2.752573013305664, 0.8317824006080627],
 [2, 4, 1, 0.0456329770386219, 16.917890548706055, 1.595363736152649],
 [2, 5, 0.01, 0.00021925174223724753, 1.8169755935668945, 0.5277138948440552],
 [2, 5, 0.1, 0.00019307648472022265, 1.981505274772644, 0.603955864906311],
 [2, 5, 1, 0.016006838530302048, 8.7667818069458, 1.7034082412719727],
 [2, 6, 0.01, 0.0002179645816795528, 2.44100284576416, 0.9859887957572937],
 [2, 6, 0.1, 0.00020180328283458948, 2.0987162590026855, 0.49649548530578613],
 [2, 6, 1, 0.03312288224697113, 14.016571998596191, 1.627798318862915],
 [2, 7, 0.01, 0.00027238804614171386, 1.6683709621429443, 0.43926575779914856],
 [2, 7, 0.1, 0.001856736489571631, 2.2187352180480957, 0.4121922254562378],
 [2, 7, 1, 0.04896082356572151, 13.185635566711426, 1.5582048892974854],
 [2, 8, 0.01, 0.00028207359719090164, 1.5590323209762573, 0.4057920277118683],
 [2, 8, 0.1, 0.0011533752549439669, 1.4109209775924683, 0.37726977467536926],
 [2, 8, 1, 0.0009200528147630394, 10.383522987365723, 2.2824337482452393],
 [2, 9, 0.01, -7.414285209961236e-05, 1.887364149093628, 0.35107457637786865],
 [2, 9, 0.1, 0.0005868612206541002, 1.7490943670272827, 0.3109346628189087],
 [2, 9, 1, 0.03949304670095444, 18.118946075439453, 1.6820802688598633],
 [2, 10, 0.01, 0.00014075003855396062, 1.521237850189209, 0.3678264617919922],
 [2, 10, 0.1, 0.0004722538869827986, 1.7422891855239868, 0.42531031370162964],
 [2, 10, 1, 0.008016291074454784, 7.467660427093506, 1.2796812057495117],
 [2, 11, 0.01, 0.00017033038602676243, 1.4041962623596191, 0.27947866916656494],
 [2, 11, 0.1, 0.0003232998715247959, 1.3334604501724243, 0.2917591631412506],
 [2, 11, 1, 0.011956009082496166, 8.938758850097656, 1.32454514503479],
 [2, 12, 0.01, 0.00026664952747523785, 1.4039076566696167, 0.31655704975128174],
 [2, 12, 0.1, 0.0002983964222948998, 1.296927571296692, 0.4145336449146271],
 [2, 12, 1, 0.024212198331952095, 7.259876728057861, 1.6155476570129395],
 [2, 13, 0.01, 0.000180225950316526, 1.526023507118225, 0.36971497535705566],
 [2, 13, 0.1, 0.0006724288687109947, 1.3215281963348389, 0.3850565552711487],
 [2, 13, 1, 0.01633903756737709, 13.767244338989258, 1.2390307188034058],
 [2, 14, 0.01, -7.082483352860436e-05, 1.6577088832855225, 0.4313652813434601],
 [2, 14, 0.1, 0.0007840358302928507, 1.5349065065383911, 0.388744056224823],
 [2, 14, 1, 0.07024633139371872, 12.685648918151855, 1.6017454862594604],
 [2, 15, 0.01, 0.00023405122919939458, 1.182337999343872, 0.44004005193710327],
 [2, 15, 0.1, 7.512640149798244e-05, 1.2234162092208862, 0.3285077214241028],
 [2, 15, 1, 0.05816416069865227, 15.117878913879395, 1.8934741020202637],
 [2, 16, 0.01, 0.0003743308479897678, 1.5195893049240112, 0.3588295876979828],
 [2, 16, 0.1, 0.00020971866615582258, 1.4136500358581543, 0.406283438205719],
 [2, 16, 1, 0.02085062302649021, 10.455236434936523, 1.5635839700698853],
 [2, 17, 0.01, 0.0003773934440687299, 1.507752776145935, 0.52701336145401],
 [2, 17, 0.1, 0.00043606149847619236, 1.8873167037963867, 0.5057832598686218],
 [2, 17, 1, 0.017995554953813553, 15.114851951599121, 1.4813964366912842],
 [2, 18, 0.01, 0.0001184598877443932, 1.7089074850082397, 0.465493768453598],
 [2, 18, 0.1, 2.4652237698319368e-05, 1.9371485710144043, 0.491965115070343],
 [2, 18, 1, 0.044427286833524704, 15.562458038330078, 3.4172871112823486],
 [2, 19, 0.01, 0.0002073287614621222, 1.7546521425247192, 0.6668156981468201],
 [2, 19, 0.1, 0.00018349710444454104, 1.5867398977279663, 0.6242035031318665],
 [2, 19, 1, 0.021332865580916405, 10.99071216583252, 1.7462480068206787],
 [2, 20, 0.01, 4.968065331922844e-05, 1.7228848934173584, 0.7269974946975708],
 [2, 20, 0.1, -1.2509902262536343e-05, 1.7710341215133667, 0.6113963723182678],
 [2, 20, 1, 0.027952753007411957, 13.227190971374512, 1.6372150182724],
 [5, 0, 0.01, 0.420349657535553, 0.6036430597305298, 0.4756624698638916],
 [5, 0, 0.1, 0.4105371832847595, 0.6142731308937073, 0.5287691354751587],
 [5, 0, 1, 1.1095482110977173, 1.8198045492172241, 1.4791282415390015],
 [5, 1, 0.01, 0.25870072841644287, 1.1111629009246826, 0.545063853263855],
 [5, 1, 0.1, 0.30138012766838074, 1.0282697677612305, 0.5464223027229309],
 [5, 1, 1, 0.878818154335022, 2.9621360301971436, 1.5299690961837769],
 [5, 2, 0.01, 0.026638148352503777, 0.45790204405784607, 0.1316610723733902],
 [5, 2, 0.1, 0.03605523705482483, 0.8179522156715393, 0.1708080917596817],
 [5, 2, 1, 0.5482250452041626, 3.7873339653015137, 1.5735042095184326],
 [5, 3, 0.01, 0.01805790141224861, 0.45927268266677856, 0.10289496183395386],
 [5, 3, 0.1, 0.018923690542578697, 0.26945215463638306, 0.0779903307557106],
 [5, 3, 1, 0.43876704573631287, 2.9162261486053467, 1.0634251832962036],
 [5, 4, 0.01, 0.01922147534787655, 0.6713232398033142, 0.0740124061703682],
 [5, 4, 0.1, 0.0162002332508564, 0.5084147453308105, 0.10424688458442688],
 [5, 4, 1, 0.6200925707817078, 3.1278438568115234, 1.0413826704025269],
 [5, 5, 0.01, 0.01595226489007473, 0.35448482632637024, 0.12249399721622467],
 [5, 5, 0.1, 0.02278158813714981, 0.607479453086853, 0.11133778095245361],
 [5, 5, 1, 0.42913490533828735, 3.6604504585266113, 1.1151103973388672],
 [5, 6, 0.01, 0.01636471413075924, 0.6785683631896973, 0.1682003140449524],
 [5, 6, 0.1, 0.012959044426679611, 0.6451290845870972, 0.20538124442100525],
 [5, 6, 1, 0.3620609939098358, 4.190465450286865, 1.2999802827835083],
 [5, 7, 0.01, 0.01145838014781475, 0.7208212018013, 0.3407677114009857],
 [5, 7, 0.1, 0.017852073535323143, 0.9376086592674255, 0.16471944749355316],
 [5, 7, 1, 0.4350096583366394, 5.33096170425415, 1.2853143215179443],
 [5, 8, 0.01, 0.009929790161550045, 1.0878098011016846, 0.2733076512813568],
 [5, 8, 0.1, 0.013787687756121159, 0.8227025866508484, 0.2585998475551605],
 [5, 8, 1, 0.3657294511795044, 5.536818981170654, 1.1656512022018433],
 [5, 9, 0.01, 0.009157300926744938, 1.025286078453064, 0.38974109292030334],
 [5, 9, 0.1, 0.013821068219840527, 1.0412907600402832, 0.29873737692832947],
 [5, 9, 1, 0.33610424399375916, 8.863868713378906, 1.9262542724609375],
 [5, 10, 0.01, 0.007772643119096756, 1.3540323972702026, 0.4723142087459564],
 [5, 10, 0.1, 0.011770636774599552, 0.8784763813018799, 0.2645599842071533],
 [5, 10, 1, 0.32130658626556396, 5.208568096160889, 1.1694376468658447],
 [5, 11, 0.01, 0.008632643148303032, 1.1489856243133545, 0.33780142664909363],
 [5, 11, 0.1, 0.011025127954781055, 1.7031878232955933, 0.574739933013916],
 [5, 11, 1, 0.3483853042125702, 8.543325424194336, 1.8252729177474976],
 [5, 12, 0.01, 0.008905883878469467, 1.7071478366851807, 0.582251787185669],
 [5, 12, 0.1, 0.011202718131244183, 1.3382054567337036, 0.46634143590927124],
 [5, 12, 1, 0.4632876515388489, 5.974018096923828, 1.2207664251327515],
 [5, 13, 0.01, 0.009029651992022991, 1.591275691986084, 0.7034180760383606],
 [5, 13, 0.1, 0.01124314870685339, 1.021256685256958, 0.2161024510860443],
 [5, 13, 1, 0.48979708552360535, 7.746730804443359, 1.8177509307861328],
 [5, 14, 0.01, 0.008285453543066978, 1.620949387550354, 0.539190948009491],
 [5, 14, 0.1, 0.012815849855542183, 1.613890528678894, 0.4075009822845459],
 [5, 14, 1, 0.3384188115596771, 7.858023166656494, 1.7923095226287842],
 [5, 15, 0.01, 0.006634920369833708, 1.7668479681015015, 0.4107338488101959],
 [5, 15, 0.1, 0.0106726149097085, 1.7510758638381958, 0.6494020819664001],
 [5, 15, 1, 0.2905201017856598, 9.686653137207031, 2.530820369720459],
 [5, 16, 0.01, 0.006463546305894852, 2.3473713397979736, 0.9348866939544678],
 [5, 16, 0.1, 0.009161969646811485, 1.8334949016571045, 0.5218393206596375],
 [5, 16, 1, 0.31257760524749756, 10.586478233337402, 2.2962093353271484],
 [5, 17, 0.01, 0.006445771083235741, 1.700049638748169, 0.35148438811302185],
 [5, 17, 0.1, 0.01043477188795805, 2.2131617069244385, 0.8395186066627502],
 [5, 17, 1, 0.4561673104763031, 14.031563758850098, 1.9023985862731934],
 [5, 18, 0.01, 0.007445591036230326, 2.450005292892456, 0.6899304986000061],
 [5, 18, 0.1, 0.012287317775189877, 3.0448086261749268, 1.5388151407241821],
 [5, 18, 1, 0.33926939964294434, 8.042962074279785, 1.8714689016342163],
 [5, 19, 0.01, 0.007849130779504776, 2.275473117828369, 0.780872642993927],
 [5, 19, 0.1, 0.010400581173598766, 2.5395946502685547, 0.7998458743095398],
 [5, 19, 1, 0.3488958477973938, 11.389562606811523, 3.1839139461517334],
 [5, 20, 0.01, 0.008119719102978706, 2.5778491497039795, 1.0059062242507935],
 [5, 20, 0.1, 0.008704128675162792, 1.6062469482421875, 0.35586729645729065],
 [5, 20, 1, 0.29966920614242554, 9.106110572814941, 1.932834506034851],
 [10, 0, 0.01, 0.4501491189002991, 0.5591862797737122, 0.4972877502441406],
 [10, 0, 0.1, 0.4616023898124695, 0.58089280128479, 0.5022339820861816],
 [10, 0, 1, 1.363023042678833, 1.6434054374694824, 1.549973964691162],
 [10, 1, 0.01, 0.4127388298511505, 0.6533665657043457, 0.5022701621055603],
 [10, 1, 0.1, 0.3871043920516968, 0.7072516679763794, 0.5398931503295898],
 [10, 1, 1, 1.1480644941329956, 1.9678013324737549, 1.5663375854492188],
 [10, 2, 0.01, 0.037109650671482086, 0.07791492342948914, 0.04809373989701271],
 [10, 2, 0.1, 0.046852365136146545, 0.23529741168022156, 0.06892231106758118],
 [10, 2, 1, 0.7932068109512329, 1.6036680936813354, 1.0383802652359009],
 [10, 3, 0.01, 0.02590460516512394, 0.08348757773637772, 0.05072738230228424],
 [10, 3, 0.1, 0.02914055995643139, 0.10601449012756348, 0.05986044928431511],
 [10, 3, 1, 0.7247169017791748, 1.5781570672988892, 1.0493327379226685],
 [10, 4, 0.01, 0.03147243335843086, 0.16111838817596436, 0.08465602993965149],
 [10, 4, 0.1, 0.04370898753404617, 0.15203985571861267, 0.0859752669930458],
 [10, 4, 1, 0.6884819269180298, 1.7549227476119995, 1.0794689655303955],
 [10, 5, 0.01, 0.0320405587553978, 0.3544551134109497, 0.08758138865232468],
 [10, 5, 0.1, 0.041548825800418854, 0.21578992903232574, 0.09426721185445786],
 [10, 5, 1, 0.6666938066482544, 1.704654574394226, 1.162540078163147],
 [10, 6, 0.01, 0.027604317292571068, 0.4206347167491913, 0.09340646117925644],
 [10, 6, 0.1, 0.03291894495487213, 0.3614339530467987, 0.08873141556978226],
 [10, 6, 1, 0.776215136051178, 1.7888734340667725, 1.0567941665649414],
 [10, 7, 0.01, 0.0205315500497818, 0.3166617155075073, 0.08067219704389572],
 [10, 7, 0.1, 0.02570425346493721, 0.33635205030441284, 0.1560363620519638],
 [10, 7, 1, 0.7095244526863098, 1.923597812652588, 1.0449986457824707],
 [10, 8, 0.01, 0.01671021617949009, 0.2517227828502655, 0.06737354397773743],
 [10, 8, 0.1, 0.023789336904883385, 0.3937184810638428, 0.10999009013175964],
 [10, 8, 1, 0.6189336180686951, 2.590921401977539, 1.0598152875900269],
 [10, 9, 0.01, 0.013709739781916142, 0.3112362027168274, 0.10081882029771805],
 [10, 9, 0.1, 0.01746963895857334, 0.3323573172092438, 0.0749225914478302],
 [10, 9, 1, 0.5736549496650696, 2.477874279022217, 1.084227442741394],
 [10, 10, 0.01, 0.011795460246503353, 0.7117874622344971, 0.21187575161457062],
 [10, 10, 0.1, 0.018167290836572647, 0.35012179613113403, 0.08572119474411011],
 [10, 10, 1, 0.6042278409004211, 1.9689090251922607, 1.0410804748535156],
 [10, 11, 0.01, 0.011697782203555107, 0.4022909104824066, 0.07784350961446762],
 [10, 11, 0.1, 0.017099104821681976, 0.6244528293609619, 0.16446228325366974],
 [10, 11, 1, 0.6271314024925232, 2.529433250427246, 1.0015687942504883],
 [10, 12, 0.01, 0.01042660977691412, 0.6205499172210693, 0.14328283071517944],
 [10, 12, 0.1, 0.01658848114311695, 0.48167088627815247, 0.09958966076374054],
 [10, 12, 1, 0.645122230052948, 3.754966974258423, 1.1922024488449097],
 [10, 13, 0.01, 0.010467594489455223, 0.8361737132072449, 0.19196055829524994],
 [10, 13, 0.1, 0.016370125114917755, 0.37268614768981934, 0.06510910391807556],
 [10, 13, 1, 0.6265905499458313, 2.1120188236236572, 1.016380786895752],
 [10, 14, 0.01, 0.009803526103496552, 0.7562140822410583, 0.13625918328762054],
 [10, 14, 0.1, 0.018900949507951736, 0.6657798290252686, 0.13708892464637756],
 [10, 14, 1, 0.6156030893325806, 2.7649736404418945, 1.1087646484375],
 [10, 15, 0.01, 0.009558264166116714, 0.9185156226158142, 0.1823209822177887],
 [10, 15, 0.1, 0.018852055072784424, 0.5029943585395813, 0.10610855370759964],
 [10, 15, 1, 0.6099254488945007, 4.160729885101318, 1.1885511875152588],
 [10, 16, 0.01, 0.01068090833723545, 0.8176490664482117, 0.11200132966041565],
 [10, 16, 0.1, 0.018881313502788544, 0.9589792490005493, 0.1428307145833969],
 [10, 16, 1, 0.6229188442230225, 2.858534336090088, 1.01655912399292],
 [10, 17, 0.01, 0.010432068258523941, 0.667164146900177, 0.08304136246442795],
 [10, 17, 0.1, 0.018228670582175255, 0.845780611038208, 0.12656401097774506],
 [10, 17, 1, 0.6414802074432373, 4.0381975173950195, 1.1729203462600708],
 [10, 18, 0.01, 0.011278476566076279, 0.8466739058494568, 0.1244673877954483],
 [10, 18, 0.1, 0.016773872077465057, 1.186134696006775, 0.21021577715873718],
 [10, 18, 1, 0.7305254936218262, 3.364849805831909, 1.0257879495620728],
 [10, 19, 0.01, 0.011993730440735817, 0.9100491404533386, 0.0891622006893158],
 [10, 19, 0.1, 0.01764613948762417, 0.5586012005805969, 0.05142541974782944],
 [10, 19, 1, 0.6181928515434265, 4.774740219116211, 1.080381989479065],
 [10, 20, 0.01, 0.012077280320227146, 0.6861724257469177, 0.060490187257528305],
 [10, 20, 0.1, 0.018774554133415222, 0.926114559173584, 0.1580173373222351],
 [10, 20, 1, 0.5797245502471924, 6.079290390014648, 1.9736380577087402],
 [20, 0, 0.01, 0.48673805594444275, 0.5253474712371826, 0.5130166411399841],
 [20, 0, 0.1, 0.4684475064277649, 0.5404438376426697, 0.5145042538642883],
 [20, 0, 1, 1.4156482219696045, 1.618778944015503, 1.5855486392974854],
 [20, 1, 0.01, 0.4488840401172638, 0.6015150547027588, 0.5085412263870239],
 [20, 1, 0.1, 0.46853896975517273, 0.5792657732963562, 0.5109320282936096],
 [20, 1, 1, 1.2169649600982666, 1.6798404455184937, 1.5328495502471924],
 [20, 2, 0.01, 0.0354779027402401, 0.05558231472969055, 0.043272167444229126],
 [20, 2, 0.1, 0.04565951228141785, 0.06623055040836334, 0.05202415958046913],
 [20, 2, 1, 0.8455251455307007, 1.1980960369110107, 1.0611014366149902],
 [20, 3, 0.01, 0.03562133014202118, 0.06332051008939743, 0.04476619511842728],
 [20, 3, 0.1, 0.04392172396183014, 0.07505155354738235, 0.06109458580613136],
 [20, 3, 1, 0.8618642687797546, 1.2544901371002197, 1.069515347480774],
 [20, 4, 0.01, 0.04566652700304985, 0.09136853367090225, 0.06275831162929535],
 [20, 4, 0.1, 0.05471743270754814, 0.09797252714633942, 0.07398366928100586],
 [20, 4, 1, 0.9440940022468567, 1.44358491897583, 1.1092361211776733],
 [20, 5, 0.01, 0.04134707525372505, 0.10460822284221649, 0.06565475463867188],
 [20, 5, 0.1, 0.047799210995435715, 0.11908158659934998, 0.07740399986505508],
 [20, 5, 1, 0.8958443403244019, 1.3232749700546265, 1.0662312507629395],
 [20, 6, 0.01, 0.03194988891482353, 0.12425542622804642, 0.05831591784954071],
 [20, 6, 0.1, 0.03889341279864311, 0.10913032293319702, 0.06153696030378342],
 [20, 6, 1, 0.9327961206436157, 1.371748685836792, 1.102968692779541],
 [20, 7, 0.01, 0.02346249297261238, 0.07954861223697662, 0.03806379809975624],
 [20, 7, 0.1, 0.02970762923359871, 0.1392662674188614, 0.05097449570894241],
 [20, 7, 1, 0.8239871859550476, 1.2470052242279053, 1.0380643606185913],
 [20, 8, 0.01, 0.016794821247458458, 0.10332192480564117, 0.035964008420705795],
 [20, 8, 0.1, 0.02524643950164318, 0.12022195756435394, 0.03873787075281143],
 [20, 8, 1, 0.8587250709533691, 1.3502514362335205, 0.9394547343254089],
 [20, 9, 0.01, 0.011598829180002213, 0.04521492123603821, 0.01573820412158966],
 [20, 9, 0.1, 0.0197301022708416, 0.05874267593026161, 0.02863318659365177],
 [20, 9, 1, 0.7794456481933594, 1.5544830560684204, 1.0163383483886719],
 [20, 10, 0.01, 0.011107772588729858, 0.12079251557588577, 0.02684795670211315],
 [20, 10, 0.1, 0.020088018849492073, 0.07640979439020157, 0.028617210686206818],
 [20, 10, 1, 0.8584548830986023, 1.6785680055618286, 1.037654161453247],
 [20,
  11,
  0.01,
  0.011349651962518692,
  0.042257633060216904,
  0.017354479059576988],
 [20, 11, 0.1, 0.018166301771998405, 0.07982934266328812, 0.024752197787165642],
 [20, 11, 1, 0.8128568530082703, 1.4198994636535645, 1.0473679304122925],
 [20, 12, 0.01, 0.010587522760033607, 0.0306856632232666, 0.015271336771547794],
 [20, 12, 0.1, 0.018270039930939674, 0.079905666410923, 0.026627277955412865],
 [20, 12, 1, 0.7771703600883484, 1.392673134803772, 1.0392142534255981],
 [20,
  13,
  0.01,
  0.010907137766480446,
  0.027801385149359703,
  0.015966113656759262],
 [20, 13, 0.1, 0.018287276849150658, 0.061377741396427155, 0.02608484961092472],
 [20, 13, 1, 0.8446227312088013, 1.6872934103012085, 1.001415491104126],
 [20,
  14,
  0.01,
  0.012015760876238346,
  0.21265137195587158,
  0.022174417972564697],
 [20, 14, 0.1, 0.01955629326403141, 0.09007634967565536, 0.02940237894654274],
 [20, 14, 1, 0.8102608323097229, 2.179605007171631, 1.0596532821655273],
 [20, 15, 0.01, 0.012842769734561443, 0.17686843872070312, 0.02359769679605961],
 [20, 15, 0.1, 0.020290952175855637, 0.08874210715293884, 0.028833311051130295],
 [20, 15, 1, 0.8113384246826172, 1.3974974155426025, 1.0015995502471924],
 [20,
  16,
  0.01,
  0.013457122258841991,
  0.056182049214839935,
  0.023700101301074028],
 [20, 16, 0.1, 0.020227182656526566, 0.07835421711206436, 0.036372557282447815],
 [20, 16, 1, 0.7937927842140198, 1.7185041904449463, 1.0278605222702026],
 [20, 17, 0.01, 0.01376535277813673, 0.19123855233192444, 0.021945368498563766],
 [20, 17, 0.1, 0.02081025391817093, 0.07089273631572723, 0.03410114347934723],
 [20, 17, 1, 0.8427125811576843, 1.6821333169937134, 1.0623466968536377],
 [20, 18, 0.01, 0.013442439027130604, 0.3911803960800171, 0.028326120227575302],
 [20, 18, 0.1, 0.019855277612805367, 0.10510502010583878, 0.03291243314743042],
 [20, 18, 1, 0.800628125667572, 1.5592516660690308, 0.9808763265609741],
 [20, 19, 0.01, 0.01390054076910019, 0.23078979551792145, 0.0267511997371912],
 [20, 19, 0.1, 0.021489154547452927, 0.19311657547950745, 0.034477781504392624],
 [20, 19, 1, 0.8097943067550659, 1.470089316368103, 1.0380744934082031],
 [20, 20, 0.01, 0.013297349214553833, 0.2521524727344513, 0.03236732631921768],
 [20, 20, 0.1, 0.022341955453157425, 0.17001889646053314, 0.034000568091869354],
 [20, 20, 1, 0.876121997833252, 2.01774263381958, 1.0765055418014526],
 [50, 0, 0.01, 0.48496493697166443, 0.5130727291107178, 0.4939538538455963],
 [50, 0, 0.1, 0.504289984703064, 0.5203897953033447, 0.510012149810791],
 [50, 0, 1, 1.4729653596878052, 1.5345309972763062, 1.5829854011535645],
 [50, 1, 0.01, 0.48996472358703613, 0.5263228416442871, 0.5049883723258972],
 [50, 1, 0.1, 0.4832824468612671, 0.5318307876586914, 0.5184971690177917],
 [50, 1, 1, 1.4689875841140747, 1.5456231832504272, 1.4400393962860107],
 [50, 2, 0.01, 0.03720299154520035, 0.04308585077524185, 0.0407755970954895],
 [50, 2, 0.1, 0.045360017567873, 0.05361757427453995, 0.052229736000299454],
 [50, 2, 1, 0.9591178894042969, 1.1089539527893066, 1.0348055362701416],
 [50, 3, 0.01, 0.043782949447631836, 0.05174444615840912, 0.048692818731069565],
 [50, 3, 0.1, 0.050206102430820465, 0.06143634766340256, 0.05732018128037453],
 [50, 3, 1, 0.9657317399978638, 1.1137244701385498, 1.0911883115768433],
 [50, 4, 0.01, 0.052241597324609756, 0.06383663415908813, 0.0567692369222641],
 [50, 4, 0.1, 0.06024447828531265, 0.07744130492210388, 0.07143185287714005],
 [50, 4, 1, 1.0281093120574951, 1.1504085063934326, 1.0306217670440674],
 [50, 5, 0.01, 0.045856088399887085, 0.0635341927409172, 0.05657703056931496],
 [50, 5, 0.1, 0.05596907064318657, 0.07360526919364929, 0.06527850031852722],
 [50, 5, 1, 0.9846546053886414, 1.1192357540130615, 1.0367200374603271],
 [50, 6, 0.01, 0.03398699685931206, 0.04626325145363808, 0.03856325149536133],
 [50, 6, 0.1, 0.044090867042541504, 0.05577928200364113, 0.049695052206516266],
 [50, 6, 1, 0.9373968243598938, 1.1201791763305664, 1.055338978767395],
 [50, 7, 0.01, 0.023521823808550835, 0.03158292919397354, 0.02775275707244873],
 [50, 7, 0.1, 0.0321674719452858, 0.04117457568645477, 0.03554333373904228],
 [50, 7, 1, 0.9161778092384338, 1.1260284185409546, 1.1173162460327148],
 [50,
  8,
  0.01,
  0.014416459016501904,
  0.018366504460573196,
  0.016389934346079826],
 [50, 8, 0.1, 0.023616449907422066, 0.0329415388405323, 0.027284199371933937],
 [50, 8, 1, 0.9684607982635498, 1.106144666671753, 0.9626553654670715],
 [50,
  9,
  0.01,
  0.010916270315647125,
  0.013538384810090065,
  0.012144576758146286],
 [50, 9, 0.1, 0.020388558506965637, 0.024234842509031296, 0.0224069245159626],
 [50, 9, 1, 0.9243728518486023, 1.1248246431350708, 1.0642211437225342],
 [50,
  10,
  0.01,
  0.010567164048552513,
  0.013388396240770817,
  0.011769034899771214],
 [50,
  10,
  0.1,
  0.018593432381749153,
  0.023725252598524094,
  0.021427730098366737],
 [50, 10, 1, 0.9274101257324219, 1.130778431892395, 1.0406787395477295],
 [50,
  11,
  0.01,
  0.010328153148293495,
  0.013774428516626358,
  0.011923577636480331],
 [50,
  11,
  0.1,
  0.020034458488225937,
  0.024359118193387985,
  0.021531591191887856],
 [50, 11, 1, 0.9643720388412476, 1.1180747747421265, 1.0224500894546509],
 [50,
  12,
  0.01,
  0.012045681476593018,
  0.015839388594031334,
  0.013811432756483555],
 [50,
  12,
  0.1,
  0.022120662033557892,
  0.025788135826587677,
  0.023785606026649475],
 [50, 12, 1, 0.9253509640693665, 1.1235921382904053, 1.0126941204071045],
 [50,
  13,
  0.01,
  0.012905268929898739,
  0.018609367311000824,
  0.014940571039915085],
 [50, 13, 0.1, 0.02200799435377121, 0.028438007459044456, 0.02746964432299137],
 [50, 13, 1, 0.9318855404853821, 1.1248152256011963, 1.0393582582473755],
 [50, 14, 0.01, 0.014150763861835003, 0.021587619557976723, 0.0174888726323843],
 [50, 14, 0.1, 0.022266946732997894, 0.031653739511966705, 0.02741795778274536],
 [50, 14, 1, 0.9115085601806641, 1.1004455089569092, 1.0254461765289307],
 [50, 15, 0.01, 0.01520135160535574, 0.0227655116468668, 0.018899450078606606],
 [50, 15, 0.1, 0.023250525817275047, 0.038404516875743866, 0.03002968616783619],
 [50, 15, 1, 0.9550707340240479, 1.1432915925979614, 1.0192440748214722],
 [50,
  16,
  0.01,
  0.016192015260457993,
  0.024387512356042862,
  0.01933659426867962],
 [50, 16, 0.1, 0.024744516238570213, 0.03651447966694832, 0.02987607568502426],
 [50, 16, 1, 0.9254065155982971, 1.1080414056777954, 0.9539092779159546],
 [50, 17, 0.01, 0.015704067423939705, 0.03047400526702404, 0.02023881860077381],
 [50,
  17,
  0.1,
  0.025361647829413414,
  0.038868967443704605,
  0.029790351167321205],
 [50, 17, 1, 0.9493321180343628, 1.1146721839904785, 1.030293583869934],
 [50, 18, 0.01, 0.016071991994976997, 0.02715778537094593, 0.01981322281062603],
 [50, 18, 0.1, 0.024545440450310707, 0.038264282047748566, 0.03009459190070629],
 [50, 18, 1, 0.9093213081359863, 1.153273344039917, 1.0057719945907593],
 [50,
  19,
  0.01,
  0.016397016122937202,
  0.025332164019346237,
  0.018707172945141792],
 [50, 19, 0.1, 0.02452448382973671, 0.048808977007865906, 0.032235149294137955],
 [50, 19, 1, 0.9355179071426392, 1.1785333156585693, 1.0275171995162964],
 [50,
  20,
  0.01,
  0.01570821739733219,
  0.031488433480262756,
  0.020210755988955498],
 [50, 20, 0.1, 0.024868804961442947, 0.04223174974322319, 0.03275422751903534],
 [50, 20, 1, 0.9080250263214111, 1.1444092988967896, 0.9901758432388306],
 [100, 0, 0.01, 0.4906429946422577, 0.5043551921844482, 0.5165085196495056],
 [100, 0, 0.1, 0.4987804889678955, 0.5116540193557739, 0.5253421664237976],
 [100, 0, 1, 1.4514104127883911, 1.5002583265304565, 1.5527739524841309],
 [100, 1, 0.01, 0.4917513132095337, 0.5128023028373718, 0.5007442235946655],
 [100, 1, 0.1, 0.49864983558654785, 0.5219943523406982, 0.5040618777275085],
 [100, 1, 1, 1.4838000535964966, 1.5509775876998901, 1.541718602180481],
 [100, 2, 0.01, 0.03695271909236908, 0.04150489717721939, 0.040861133486032486],
 [100, 2, 0.1, 0.04769422486424446, 0.051369186490774155, 0.048614393919706345],
 [100, 2, 1, 1.0221054553985596, 1.0712817907333374, 1.0722594261169434],
 [100, 3, 0.01, 0.04433371126651764, 0.04817211255431175, 0.04724360257387161],
 [100, 3, 0.1, 0.05267113074660301, 0.05881160870194435, 0.06198561191558838],
 [100, 3, 1, 0.9800525903701782, 1.084438681602478, 1.075049638748169],
 [100, 4, 0.01, 0.05330722779035568, 0.05995288863778114, 0.05652473866939545],
 [100, 4, 0.1, 0.06306033581495285, 0.07089924067258835, 0.06908921152353287],
 [100, 4, 1, 1.0021159648895264, 1.0908098220825195, 1.053918480873108],
 [100, 5, 0.01, 0.04840436950325966, 0.05415923148393631, 0.05168795958161354],
 [100, 5, 0.1, 0.056898146867752075, 0.06459909677505493, 0.05974847450852394],
 [100, 5, 1, 1.0269746780395508, 1.0853192806243896, 1.0718852281570435],
 [100, 6, 0.01, 0.03462415933609009, 0.037878040224313736, 0.03785170614719391],
 [100, 6, 0.1, 0.043958477675914764, 0.050197333097457886, 0.04722383990883827],
 [100, 6, 1, 1.0112208127975464, 1.0696793794631958, 1.0052170753479004],
 [100, 7, 0.01, 0.02194615826010704, 0.02531777322292328, 0.02469475567340851],
 [100, 7, 0.1, 0.03147197142243385, 0.036836735904216766, 0.03536713495850563],
 [100, 7, 1, 0.9793527722358704, 1.0762150287628174, 0.9957085251808167],
 [100,
  8,
  0.01,
  0.013452045619487762,
  0.015443287789821625,
  0.014807082712650299],
 [100, 8, 0.1, 0.02323073148727417, 0.02628304250538349, 0.02610624022781849],
 [100, 8, 1, 0.9882671236991882, 1.048937201499939, 1.07548189163208],
 [100,
  9,
  0.01,
  0.010380216874182224,
  0.012459712103009224,
  0.011741312220692635],
 [100, 9, 0.1, 0.02004534751176834, 0.022671859711408615, 0.0225237887352705],
 [100, 9, 1, 0.9865138530731201, 1.0574091672897339, 1.0570857524871826],
 [100,
  10,
  0.01,
  0.009840346872806549,
  0.01166423037648201,
  0.010973683558404446],
 [100,
  10,
  0.1,
  0.019961034879088402,
  0.02166701853275299,
  0.020734241232275963],
 [100, 10, 1, 0.9974329471588135, 1.057265281677246, 0.98227459192276],
 [100,
  11,
  0.01,
  0.010837925598025322,
  0.012797947973012924,
  0.012190883979201317],
 [100,
  11,
  0.1,
  0.020610274747014046,
  0.023005671799182892,
  0.022973759099841118],
 [100, 11, 1, 0.9651138782501221, 1.0581104755401611, 0.9975425004959106],
 [100,
  12,
  0.01,
  0.01239689625799656,
  0.01472859364002943,
  0.013888504356145859],
 [100, 12, 0.1, 0.021471412852406502, 0.02524568885564804, 0.02464400976896286],
 [100, 12, 1, 0.9413434863090515, 1.0608669519424438, 1.0488723516464233],
 [100,
  13,
  0.01,
  0.014150186441838741,
  0.016768671572208405,
  0.016307448968291283],
 [100,
  13,
  0.1,
  0.024214506149291992,
  0.027565622702240944,
  0.026185370981693268],
 [100, 13, 1, 0.9506149888038635, 1.0578404664993286, 1.0092905759811401],
 [100,
  14,
  0.01,
  0.014970659278333187,
  0.01934463530778885,
  0.018002215772867203],
 [100, 14, 0.1, 0.025029443204402924, 0.0286721158772707, 0.02705365978181362],
 [100, 14, 1, 0.9907776713371277, 1.0683038234710693, 1.0299607515335083],
 [100,
  15,
  0.01,
  0.016265038400888443,
  0.019819291308522224,
  0.01750858873128891],
 [100, 15, 0.1, 0.02556430734694004, 0.03076557070016861, 0.026278279721736908],
 [100, 15, 1, 0.9596915245056152, 1.059891700744629, 1.0256288051605225],
 [100,
  16,
  0.01,
  0.01665734499692917,
  0.021692965179681778,
  0.019446268677711487],
 [100, 16, 0.1, 0.02517959661781788, 0.030875273048877716, 0.02869190275669098],
 [100, 16, 1, 0.9562234282493591, 1.0748878717422485, 0.9389098286628723],
 [100,
  17,
  0.01,
  0.017039693892002106,
  0.021180152893066406,
  0.018607329577207565],
 [100,
  17,
  0.1,
  0.025779517367482185,
  0.03079691156744957,
  0.028893254697322845],
 [100, 17, 1, 0.9817532896995544, 1.0731780529022217, 0.9852806925773621],
 [100,
  18,
  0.01,
  0.016643522307276726,
  0.02120397612452507,
  0.018627429381012917],
 [100, 18, 0.1, 0.02631453052163124, 0.03191171586513519, 0.0282143522053957],
 [100, 18, 1, 0.9719468951225281, 1.0614748001098633, 1.008286952972412],
 [100,
  19,
  0.01,
  0.016518699005246162,
  0.021764235571026802,
  0.01881434954702854],
 [100,
  19,
  0.1,
  0.02568936161696911,
  0.030634116381406784,
  0.026942497119307518],
 [100, 19, 1, 0.9817817807197571, 1.0758439302444458, 1.0637059211730957],
 [100,
  20,
  0.01,
  0.015561147592961788,
  0.020572081208229065,
  0.016949158161878586],
 [100,
  20,
  0.1,
  0.025552965700626373,
  0.03295031562447548,
  0.029741371050477028],
 [100, 20, 1, 0.944735050201416, 1.0646185874938965, 1.0678578615188599],
 [200, 0, 0.01, 0.502352237701416, 0.5027626156806946, 0.4797458052635193],
 [200, 0, 0.1, 0.5098509192466736, 0.5131772756576538, 0.5141152739524841],
 [200, 0, 1, 1.5084106922149658, 1.5024868249893188, 1.4592125415802002],
 [200, 1, 0.01, 0.49534305930137634, 0.5062079429626465, 0.49468928575515747],
 [200, 1, 0.1, 0.5059279799461365, 0.5157753825187683, 0.5194300413131714],
 [200, 1, 1, 1.4741984605789185, 1.5245813131332397, 1.5925880670547485],
 [200, 2, 0.01, 0.0378744900226593, 0.040641654282808304, 0.04071822017431259],
 [200, 2, 0.1, 0.04804812744259834, 0.05087970197200775, 0.04867790639400482],
 [200, 2, 1, 1.0132017135620117, 1.0534635782241821, 1.0170241594314575],
 [200, 3, 0.01, 0.04502743110060692, 0.04788845032453537, 0.048740778118371964],
 [200, 3, 0.1, 0.05422970652580261, 0.05783972889184952, 0.05859352648258209],
 [200, 3, 1, 1.041968584060669, 1.071117639541626, 1.0667253732681274],
 [200, 4, 0.01, 0.05403115227818489, 0.05763852596282959, 0.05430677905678749],
 [200, 4, 0.1, 0.064557284116745, 0.06861908733844757, 0.0667477548122406],
 [200, 4, 1, 1.0241975784301758, 1.062557339668274, 1.0763614177703857],
 [200,
  5,
  0.01,
  0.04840400069952011,
  0.051820430904626846,
  0.049297530204057693],
 [200, 5, 0.1, 0.05846482887864113, 0.06204012781381607, 0.060565054416656494],
 [200, 5, 1, 1.0155631303787231, 1.0717415809631348, 0.950869083404541],
 [200, 6, 0.01, 0.03439934179186821, 0.03704891726374626, 0.03596982732415199],
 [200, 6, 0.1, 0.043647900223731995, 0.045389339327812195, 0.04396349564194679],
 [200, 6, 1, 1.028806209564209, 1.0485875606536865, 1.0783084630966187],
 [200, 7, 0.01, 0.02171371690928936, 0.023332415148615837, 0.02309182472527027],
 [200, 7, 0.1, 0.031375452876091, 0.033316388726234436, 0.033746957778930664],
 [200, 7, 1, 1.017005443572998, 1.0510200262069702, 1.0327223539352417],
 [200,
  8,
  0.01,
  0.013803010806441307,
  0.015191469341516495,
  0.01472781877964735],
 [200, 8, 0.1, 0.023784508928656578, 0.025449460372328758, 0.02460605651140213],
 [200, 8, 1, 0.9957501888275146, 1.0355143547058105, 1.1051459312438965],
 [200,
  9,
  0.01,
  0.010831269435584545,
  0.011882372200489044,
  0.011826877482235432],
 [200, 9, 0.1, 0.02012302353978157, 0.02186639979481697, 0.020527750253677368],
 [200, 9, 1, 0.9698165655136108, 1.0295400619506836, 0.9800952076911926],
 [200,
  10,
  0.01,
  0.010585866868495941,
  0.011421259492635727,
  0.011262551881372929],
 [200,
  10,
  0.1,
  0.019596081227064133,
  0.021390700712800026,
  0.020618008449673653],
 [200, 10, 1, 0.9801480174064636, 1.0200899839401245, 1.0338484048843384],
 [200,
  11,
  0.01,
  0.011337323114275932,
  0.012570194900035858,
  0.011868630535900593],
 [200, 11, 0.1, 0.02038109488785267, 0.02271399274468422, 0.02239133231341839],
 [200, 11, 1, 0.993015468120575, 1.0309494733810425, 1.0893592834472656],
 [200,
  12,
  0.01,
  0.013009496964514256,
  0.014134733937680721,
  0.013631000183522701],
 [200,
  12,
  0.1,
  0.022956952452659607,
  0.024152658879756927,
  0.024322329089045525],
 [200, 12, 1, 0.9882616400718689, 1.0347840785980225, 0.9894972443580627],
 [200,
  13,
  0.01,
  0.014249656349420547,
  0.016004495322704315,
  0.015261623077094555],
 [200, 13, 0.1, 0.02399965561926365, 0.0262568648904562, 0.025335116311907768],
 [200, 13, 1, 1.0069262981414795, 1.0417019128799438, 1.0412702560424805],
 [200,
  14,
  0.01,
  0.01585482805967331,
  0.01747645065188408,
  0.016360197216272354],
 [200,
  14,
  0.1,
  0.02526899054646492,
  0.027645671740174294,
  0.025264376774430275],
 [200, 14, 1, 0.9921338558197021, 1.039188027381897, 1.0135273933410645],
 [200,
  15,
  0.01,
  0.01666370965540409,
  0.018206793814897537,
  0.017653878778219223],
 [200,
  15,
  0.1,
  0.025866320356726646,
  0.028260841965675354,
  0.026990870013833046],
 [200, 15, 1, 0.9819297194480896, 1.0449118614196777, 1.0135904550552368],
 [200,
  16,
  0.01,
  0.017235439270734787,
  0.018639052286744118,
  0.01856880635023117],
 [200,
  16,
  0.1,
  0.02670915424823761,
  0.029005538672208786,
  0.028908291831612587],
 [200, 16, 1, 0.9808129072189331, 1.039536952972412, 1.0677753686904907],
 [200,
  17,
  0.01,
  0.01732400432229042,
  0.019846944138407707,
  0.01843080297112465],
 [200, 17, 0.1, 0.026708953082561493, 0.02890676073729992, 0.02644442580640316],
 [200, 17, 1, 1.0067112445831299, 1.0465947389602661, 1.0480170249938965],
 [200,
  18,
  0.01,
  0.01713932678103447,
  0.018996834754943848,
  0.01867610029876232],
 [200, 18, 0.1, 0.02680322714149952, 0.029465848580002785, 0.02814866602420807],
 [200, 18, 1, 1.0050891637802124, 1.0513677597045898, 1.080607295036316],
 [200,
  19,
  0.01,
  0.016559584066271782,
  0.017850810661911964,
  0.017173152416944504],
 [200, 19, 0.1, 0.02652587741613388, 0.02844054251909256, 0.028521141037344933],
 [200, 19, 1, 0.9988446831703186, 1.046517252922058, 1.049436330795288],
 [200, 20, 0.01, 0.016212714836001396, 0.0179976187646389, 0.01669064350426197],
 [200, 20, 0.1, 0.02467781864106655, 0.02805313654243946, 0.0270476583391428],
 [200, 20, 1, 0.9896488785743713, 1.0413135290145874, 1.0410041809082031]]
